1 for EXPLICIT UPWIND FTBS 
2 for IMPLICIT UPWIND FTBS 
3 for IMPLICIT FTCS 
1 for dt = 0.002
2 for dt = 0.001
3 for dt = 0.0005
----------- IMPLICIT UPWIND FTBS -------------------
Delta t: 0.002
n = 0
0; 0; 0; 0; 0; 0; 0; 0; 0; 0; 0; 0; 0; 0; 0; 0; 0; 0; 0; 0; 0; 0; 0; 0; 0; 0; 0; 0; 0; 0; 0; 0; 0; 0; 0; 0; 0; 0; 0; 0; 0; 0; 0; 0; 0; 0; 0; 0; 0; 0; 0; 0; 0; 0; 0; 0; 0; 0; 0; 0; 0; 0; 0; 0; 0; 0; 0; 0; 0; 0; 0; 0; 0; 0; 0; 0; 0; 0; 0; 0; 0; 0; 0; 0; 0; 0; 0; 0; 0; 0; 0; 0; 0; 0; 0; 0; 0; 0; 0; 0; 0; 2.61769; 5.2336; 7.84591; 10.4528; 13.0526; 15.6434; 18.2236; 20.7912; 23.3445; 25.8819; 28.4015; 30.9017; 33.3807; 35.8368; 38.2683; 40.6737; 43.0511; 45.399; 47.7159; 50; 52.2499; 54.4639; 56.6406; 58.7785; 60.8761; 62.932; 64.9448; 66.9131; 68.8355; 70.7107; 72.5374; 74.3145; 76.0406; 77.7146; 79.3353; 80.9017; 82.4126; 83.8671; 85.264; 86.6025; 87.8817; 89.1007; 90.2585; 91.3545; 92.388; 93.358; 94.2641; 95.1057; 95.882; 96.5926; 97.237; 97.8148; 98.3255; 98.7688; 99.1445; 99.4522; 99.6917; 99.863; 99.9657; 100; 99.9657; 99.863; 99.6917; 99.4522; 99.1445; 98.7688; 98.3255; 97.8148; 97.237; 96.5926; 95.882; 95.1057; 94.2641; 93.358; 92.388; 91.3545; 90.2585; 89.1007; 87.8817; 86.6025; 85.264; 83.8671; 82.4126; 80.9017; 79.3353; 77.7146; 76.0406; 74.3145; 72.5374; 70.7107; 68.8355; 66.9131; 64.9448; 62.932; 60.8761; 58.7785; 56.6406; 54.4639; 52.2499; 50; 47.7159; 45.399; 43.0511; 40.6737; 38.2683; 35.8368; 33.3807; 30.9017; 28.4015; 25.8819; 23.3445; 20.7912; 18.2236; 15.6434; 13.0526; 10.4528; 7.84591; 5.2336; 2.61769; 0; 0; 0; 0; 0; 0; 0; 0; 0; 0; 0; 0; 0; 0; 0; 0; 0; 0; 0; 0; 0; 0; 0; 0; 0; 0; 0; 0; 0; 0; 0; 0; 0; 0; 0; 0; 0; 0; 0; 0; 0; 0; 0; 0; 0; 0; 0; 0; 0; 0; 0; 0; 0; 0; 0; 0; 0; 0; 0; 0; 0; 0; 0; 0; 0; 0; 0; 0; 0; 0; 0; 0; 0; 0; 0; 0; 0; 0; 0; 0; 0; 0; 0; 0; 0; 0; 0; 0; 0; 0; 0; 0; 0; 0; 0; 0; 0; 0; 0; 0; 0; 0; 0; 0; 0; 0; 0; 0; 0; 0; 0; 0; 0; 0; 0; 0; 0; 0; 0; 0; 0; 0; 0; 0; 0; 0; 0; 0; 0; 0; 0; 0; 0; 0; 0; 0; 0; 0; 0; 0; 0; 0; 0; 0; 0; 0; 0; 0; 0; 0; 0; 0; 0; 0; 0; 0; 0; 0; 0; 0; 0; 0; 0; 0; 0; 0; 0; 0; 0; 0; 0; 0; 0; 0; 0; 0; 0; 0; 0; 0; 0; 0; 0; 0; 0; 0; 0; 0; 0; 0; 0; 0; 0; 0; 0; 0; 0; 0; 0; 0; 0; 0; 0; 0; 0; 0; 0; 0; 0; 0; 0; 0; 0; 0; 0; 0; 0; 0; 0; 0; 0; 0; 0; 0; 0; 0; 0; 0; 0; 0; 0; 0; 0; 0; 0; 0; 0; 0; 0; 0; 0; 0; 0; 0; 0; 0; 0; 0; 0; 0; 0; 0; 0; 0; 0; 0; 0; 0; 0; 0; 0; 0; 0; 0; 0; 0; 0; 0; 0; 0; 0; 0; 0; 0; 0; 0; 0; 0; 0; 0; 0; 0; 0; 0; 0; 0; 0; 0; 0; 0; 0; 0; 0; 0; 0; 0; 0; 0; 0; 0; 0; 0; 0; 0; 0; 0; 0; 0; 0; 0; 0; 0; 0; 0; 0; 0; 0; 0; 0; 0; 0; 0; 0; 0; 0; 0; 0; 0; 0; 0; 0; 0; 0; 0; 0; 0; 0; 0; 0; 0; 0; 0; 0; 0; 0; 0; 0; 0; 0; 0; 0; 0; 0; 0; 0; 0; 0; 0; 0; 0; 0; 0; 0; 0; 0; 0; 0; 0; 0; 0; 0; 0; 0; 0; 0; 0; 0; 0; 0; 0; 0; 0; 0; 0; 0; 0; 0; 0; 0; 0; 0; 0; 0; 0; 0; 0; 0; 0; 0; 0; 0; 0; 0; 0; 0; 0; 0; 0; 0; 0; 0; 0; 0; 0; 0; 0; 0; 0; 0; 0; 0; 0; 0; 0; 0; 0; 0; 0; 0; 0; 0; 0; 0; 0; 0; 0; 0; 0; 0; 0; 0; 0; 0; 0; 0; 0; 0; 0; 0; 0; 0; 0; 0; 0; 0; 0; 0; 0; 0; 0; 0; 0; 0; 0; 0; 0; 0; 0; 0; 0; 0; 0; 0; 0; 0; 0; 0; 0; 0; 0; 0; 0; 0; 0; 0; 0; 0; 0; 0; 0; 0; 0; 0; 0; 0; 0; 0; 0; 0; 0; 0; 0; 0; 0; 0; 0; 0; 0; 0; 0; 0; 0; 0; 0; 0; 0; 0; 0; 0; 0; 0; 0; 0; 0; 0; 0; 0; 0; 0; 0; 0; 0; 0; 0; 0; 0; 0; 0; 0; 0; 0; 0; 0; 0; 0; 0; 0; 0; 0; 0; 0; 0; 0; 0; 0; 0; 0; 0; 0; 0; 0; 0; 0; 0; 0; 0; 0; 0; 0; 0; 0; 0; 0; 0; 0; 0; 0; 0; 0; 0; 0; 
Max norm of the error for n = 0:
0
Two norm of the error for n = 0:
0
n = 0.1
0; 0; 0; 0; 0; 0; 0; 0; 0; 0; 0; 0; 0; 0; 0; 0; 0; 0; 0; 0; 0; 0; 0; 0; 0; 0; 0; 0; 0; 0; 0; 0; 0; 0; 0; 0; 0; 0; 0; 0; 0; 0; 0; 0; 0; 0; 0; 0; 0; 0; 0; 0; 0; 0; 0; 0; 0; 0; 0; 0; 0; 0; 0; 0; 0; 0; 0; 0; 0; 0; 0; 0; 0; 0; 0; 0; 0; 0; 0; 0; 0; 0; 0; 0; 0; 0; 0; 0; 0; 0; 0; 0; 0; 0; 0; 0; 0; 0; 0; 0; 0; 2.32498e-15; 6.27729e-14; 8.64265e-13; 8.08792e-12; 5.78568e-11; 3.3736e-10; 1.66976e-09; 7.21355e-09; 2.77595e-08; 9.66427e-08; 3.08111e-07; 9.08416e-07; 2.49693e-06; 6.44171e-06; 1.56875e-05; 3.62409e-05; 7.97598e-05; 0.000167852; 0.000338888; 0.000658322; 0.00123369; 0.00223553; 0.00392536; 0.00669176; 0.011095; 0.0179198; 0.028236; 0.043464; 0.0654426; 0.0964946; 0.139486; 0.197874; 0.275732; 0.377761; 0.509263; 0.676096; 0.884586; 1.14142; 1.45351; 1.82783; 2.27123; 2.79026; 3.39101; 4.0789; 4.85855; 5.7336; 6.7067; 7.77934; 8.95187; 10.2235; 11.5923; 13.0552; 14.6084; 16.2471; 17.9656; 19.7578; 21.6172; 23.5368; 25.5095; 27.528; 29.5851; 31.6739; 33.7873; 35.9189; 38.0623; 40.2116; 42.3612; 44.5058; 46.6406; 48.7612; 50.8635; 52.9436; 54.9981; 57.0239; 59.0181; 60.9779; 62.901; 64.7851; 66.6282; 68.4283; 70.1837; 71.8928; 73.5541; 75.166; 76.7274; 78.2368; 79.6931; 81.0953; 82.4422; 83.7329; 84.9664; 86.1419; 87.2584; 88.3151; 89.3115; 90.2466; 91.12; 91.9309; 92.6789; 93.3634; 93.9838; 94.5399; 95.0312; 95.4574; 95.8181; 96.1132; 96.3424; 96.5056; 96.6027; 96.6335; 96.5981; 96.4966; 96.3288; 96.0951; 95.7955; 95.4303; 94.9996; 94.5038; 93.9433; 93.3184; 92.6295; 91.8772; 91.0619; 90.1841; 89.2446; 88.2439; 87.1827; 86.0618; 84.8819; 83.6438; 82.3484; 80.9965; 79.5892; 78.1273; 76.6118; 75.0439; 73.4245; 71.7549; 70.0362; 68.2696; 66.4565; 64.5983; 62.6965; 60.7528; 58.7691; 56.7476; 54.6907; 52.6012; 50.4825; 48.3382; 46.1729; 43.9914; 41.7994; 39.603; 37.4093; 35.2256; 33.0599; 30.9204; 28.8159; 26.7548; 24.7456; 22.7968; 20.9159; 19.1102; 17.3859; 15.7484; 14.2021; 12.7502; 11.3948; 10.1369; 8.9761; 7.91132; 6.9403; 6.05995; 5.26648; 4.55545; 3.92197; 3.36083; 2.86657; 2.43369; 2.05666; 1.73009; 1.44876; 1.20771; 1.00227; 0.828092; 0.681182; 0.557902; 0.45497; 0.369451; 0.298746; 0.240569; 0.192926; 0.15409; 0.122579; 0.0971266; 0.0766584; 0.0602703; 0.0472054; 0.0368338; 0.0286344; 0.0221789; 0.0171168; 0.0131631; 0.0100871; 0.00770314; 0.00586252; 0.00444669; 0.00336159; 0.00253295; 0.00190241; 0.00142428; 0.00106297; 0.000790858; 0.000586606; 0.000433794; 0.000319837; 0.000235124; 0.000172349; 0.000125973; 9.18174e-05; 6.67367e-05; 4.83741e-05; 3.49693e-05; 2.52117e-05; 1.8129e-05; 1.30022e-05; 9.30136e-06; 6.6371e-06; 4.72417e-06; 3.35431e-06; 2.37589e-06; 1.67883e-06; 1.18347e-06; 8.32329e-07; 5.84023e-07; 4.08861e-07; 2.85591e-07; 1.99044e-07; 1.38421e-07; 9.60536e-08; 6.65117e-08; 4.59585e-08; 3.16904e-08; 2.1807e-08; 1.49755e-08; 1.02634e-08; 7.0201e-09; 4.79229e-09; 3.26513e-09; 2.22038e-09; 1.50707e-09; 1.02101e-09; 6.90432e-10; 4.66038e-10; 3.14007e-10; 2.11194e-10; 1.41795e-10; 9.50347e-11; 6.35853e-11; 4.2471e-11; 2.83202e-11; 1.8853e-11; 1.25299e-11; 8.31399e-12; 5.50773e-12; 3.64289e-12; 2.40567e-12; 1.58617e-12; 1.04423e-12; 6.86405e-13; 4.50518e-13; 2.95254e-13; 1.93215e-13; 1.26256e-13; 8.2383e-14; 5.36789e-14; 3.49265e-14; 2.26935e-14; 1.47247e-14; 9.54107e-15; 6.1739e-15; 3.9897e-15; 2.57481e-15; 1.6595e-15; 1.06819e-15; 6.86686e-16; 4.40875e-16; 2.82699e-16; 1.81047e-16; 1.15804e-16; 7.3981e-17; 4.72054e-17; 3.00845e-17; 1.91503e-17; 1.21758e-17; 7.73241e-18; 4.9049e-18; 3.10776e-18; 1.96686e-18; 1.2434e-18; 7.85175e-19; 4.95272e-19; 3.12066e-19; 1.96417e-19; 1.23495e-19; 7.75631e-20; 4.86638e-20; 3.05003e-20; 1.90965e-20; 1.19442e-20; 7.46316e-21; 4.65855e-21; 2.905e-21; 1.80973e-21; 1.1263e-21; 7.00287e-22; 4.3499e-22; 2.69941e-22; 1.67358e-22; 1.03662e-22; 6.41488e-23; 3.96604e-23; 2.4498e-23; 1.51185e-23; 9.32181e-24; 5.74254e-24; 3.53447e-24; 2.17353e-24; 1.33545e-24; 8.19821e-25; 5.0285e-25; 3.0817e-25; 1.88703e-25; 1.15453e-25; 7.05785e-26; 4.31107e-26; 2.63114e-26; 1.60455e-26; 9.77722e-27; 5.95296e-27; 3.62167e-27; 2.20164e-27; 1.33736e-27; 8.11736e-28; 4.92324e-28; 2.98373e-28; 1.80693e-28; 1.09345e-28; 6.61207e-29; 3.99537e-29; 2.41246e-29; 1.45563e-29; 8.77666e-30; 5.2881e-30; 3.18393e-30; 1.91568e-30; 1.15181e-30; 6.9205e-31; 4.15526e-31; 2.49323e-31; 1.49498e-31; 8.95811e-32; 5.36424e-32; 3.21007e-32; 1.91971e-32; 1.14729e-32; 6.85223e-33; 4.08989e-33; 2.43958e-33; 1.45427e-33; 8.66363e-34; 5.15805e-34; 3.06904e-34; 1.82496e-34; 1.08452e-34; 6.4411e-35; 3.82315e-35; 2.26789e-35; 1.34452e-35; 7.96625e-36; 4.71724e-36; 2.7917e-36; 1.6512e-36; 9.76073e-37; 5.76656e-37; 3.40491e-37; 2.00933e-37; 1.1851e-37; 6.98581e-38; 4.11566e-38; 2.4234e-38; 1.42618e-38; 8.38863e-39; 4.93144e-39; 2.89751e-39; 1.70156e-39; 9.98713e-40; 5.85879e-40; 3.43518e-40; 2.01311e-40; 1.17913e-40; 6.90298e-41; 4.03916e-41; 2.36226e-41; 1.38085e-41; 8.06774e-42; 4.71132e-42; 2.74992e-42; 1.6043e-42; 9.35498e-43; 5.45243e-43; 3.17637e-43; 1.84954e-43; 1.07645e-43; 6.26209e-44; 3.64118e-44; 2.11624e-44; 1.22938e-44; 7.13856e-45; 4.14321e-45; 2.40362e-45; 1.3938e-45; 8.07871e-46; 4.68048e-46; 2.71048e-46; 1.56896e-46; 9.07799e-47; 5.25023e-47; 3.03515e-47; 1.75386e-47; 1.01304e-47; 5.84888e-48; 3.37549e-48; 1.94724e-48; 1.12285e-48; 6.47207e-49; 3.72895e-49; 2.1476e-49; 1.23635e-49; 7.11471e-50; 4.09258e-50; 2.35323e-50; 1.35256e-50; 7.77105e-51; 4.46305e-51; 2.5622e-51; 1.47037e-51; 8.43477e-52; 4.83673e-52; 2.77246e-52; 1.5886e-52; 9.09909e-53; 5.20978e-53; 2.9818e-53; 1.70599e-53; 9.75694e-54; 5.57817e-54; 3.18794e-54; 1.82126e-54; 1.0401e-54; 5.93779e-55; 3.38858e-55; 1.93311e-55; 1.1024e-55; 6.28454e-56; 3.58141e-56; 2.04025e-56; 1.16188e-56; 6.6144e-57; 3.76418e-57; 2.14143e-57; 1.21783e-57; 6.92352e-58; 3.93477e-58; 2.23546e-58; 1.26961e-58; 7.20829e-59; 4.09119e-59; 2.32127e-59; 1.31662e-59; 7.46542e-60; 4.23164e-60; 2.39786e-60; 1.35832e-60; 7.69202e-61; 4.35454e-61; 2.46439e-61; 1.39424e-61; 7.8856e-62; 4.45857e-62; 2.52013e-62; 1.42403e-62; 8.04417e-63; 4.54268e-63; 2.56456e-63; 1.44738e-63; 8.16625e-64; 4.6061e-64; 2.59727e-64; 1.4641e-64; 8.25087e-65; 4.64838e-65; 2.61805e-65; 1.4741e-65; 8.29762e-66; 4.66933e-66; 2.62684e-66; 1.47737e-66; 8.30657e-67; 4.6691e-67; 2.62375e-67; 1.47398e-67; 8.27832e-68; 4.64807e-68; 2.60906e-68; 1.46412e-68; 8.21396e-69; 4.60692e-69; 2.58317e-69; 1.44803e-69; 8.11499e-70; 4.54656e-70; 2.54662e-70; 1.42603e-70; 7.98331e-71; 4.4681e-71; 2.50006e-71; 1.39851e-71; 7.82116e-72; 4.37285e-72; 2.44426e-72; 1.36591e-72; 7.63108e-73; 4.26227e-73; 2.38006e-73; 1.3287e-73; 7.41581e-74; 4.13793e-74; 2.30835e-74; 1.2874e-74; 7.17828e-75; 4.0015e-75; 2.23007e-75; 1.24255e-75; 6.92153e-76; 3.85468e-76; 2.14621e-76; 1.19468e-76; 6.64863e-77; 3.69922e-77; 2.05773e-77; 1.14436e-77; 6.36268e-78; 3.53685e-78; 1.9656e-78; 1.09213e-78; 6.06672e-79; 3.36927e-79; 1.87077e-79; 1.03851e-79; 5.76369e-80; 3.19812e-80; 1.77417e-80; 9.84006e-81; 5.4564e-81; 3.02496e-81; 1.67664e-81; 9.29105e-82; 5.14751e-82; 2.85125e-82; 1.579e-82; 8.74251e-83; 4.83947e-83; 2.67836e-83; 1.482e-83; 8.19854e-84; 4.53455e-84; 2.50751e-84; 1.38631e-84; 7.66284e-85; 4.23477e-85; 2.33981e-85; 1.29254e-85; 7.13871e-86; 3.94192e-86; 2.17625e-86; 1.20122e-86; 6.62902e-87; 3.65756e-87; 2.01765e-87; 1.1128e-87; 6.13623e-88; 3.383e-88; 1.86474e-88; 1.02766e-88; 5.66236e-89; 3.11933e-89; 1.71808e-89; 9.46111e-90; 5.20905e-90; 2.86743e-90; 1.57814e-90; 8.68392e-91; 4.77755e-91; 2.62793e-91; 1.44525e-91; 7.94678e-92; 4.36877e-92; 2.40131e-92; 1.31965e-92; 7.25084e-93; 3.98327e-93; 2.18783e-93; 1.20146e-93; 6.59669e-94; 3.62132e-94; 1.9876e-94; 1.09073e-94; 5.98446e-95; 3.2829e-95; 1.80059e-95; 9.87408e-96; 5.4138e-96; 2.96779e-96; 1.62663e-96; 8.91395e-97; 4.88402e-97; 2.67553e-97; 1.46544e-97; 8.02518e-98; 4.39407e-98; 2.40551e-98; 1.31666e-98; 7.20556e-99; 3.94267e-99; 2.15695e-99; 1.17983e-99; 6.45248e-100; 3.52828e-100; 1.92898e-100; 1.05444e-100; 5.76298e-101; 3.14921e-101; 1.72062e-101; 9.39942e-102; 5.13389e-102; 2.80365e-102; 1.53084e-102; 8.35738e-103; 4.56185e-103; 2.48968e-103; 1.35856e-103; 7.41219e-104; 4.0434e-104; 2.20536e-104; 1.20267e-104; 6.55759e-105; 3.57501e-105; 1.9487e-105; 1.06205e-105; 5.78735e-106; 3.15319e-106; 1.71773e-106; 9.35607e-107; 5.09528e-107; 2.77446e-107; 1.51051e-107; 8.22252e-108; 4.4753e-108; 2.43543e-108; 1.32516e-108; 7.20932e-109; 3.92155e-109; 2.13285e-109; 1.15984e-109; 6.3063e-110; 3.42838e-110; 1.86355e-110; 1.01282e-110; 5.50377e-111; 2.99039e-111; 1.62456e-111; 8.8243e-112; 4.79253e-112; 2.60249e-112; 1.41304e-112; 7.6711e-113; 4.16391e-113; 2.25988e-113; 1.22634e-113; 6.65391e-114; 3.6098e-114; 1.95808e-114; 1.06199e-114; 5.75904e-115; 3.12264e-115; 1.69292e-115; 9.17682e-116; 0; 
Max norm of the error for n = 0.1:
10.2235
Two norm of the error for n = 0.1:
44.8901
n = 0.2
0; 0; 0; 0; 0; 0; 0; 0; 0; 0; 0; 0; 0; 0; 0; 0; 0; 0; 0; 0; 0; 0; 0; 0; 0; 0; 0; 0; 0; 0; 0; 0; 0; 0; 0; 0; 0; 0; 0; 0; 0; 0; 0; 0; 0; 0; 0; 0; 0; 0; 0; 0; 0; 0; 0; 0; 0; 0; 0; 0; 0; 0; 0; 0; 0; 0; 0; 0; 0; 0; 0; 0; 0; 0; 0; 0; 0; 0; 0; 0; 0; 0; 0; 0; 0; 0; 0; 0; 0; 0; 0; 0; 0; 0; 0; 0; 0; 0; 0; 0; 0; 2.065e-30; 1.07378e-28; 2.81968e-27; 4.985e-26; 6.67466e-25; 7.21907e-24; 6.56922e-23; 5.17277e-22; 3.59775e-21; 2.24512e-20; 1.27265e-19; 6.61873e-19; 3.18422e-18; 1.42689e-17; 5.99079e-17; 2.36849e-16; 8.85643e-16; 3.14424e-15; 1.06345e-14; 3.43698e-14; 1.06432e-13; 3.16567e-13; 9.06385e-13; 2.50314e-12; 6.68005e-12; 1.72554e-11; 4.32109e-11; 1.05051e-10; 2.48268e-10; 5.71065e-10; 1.27993e-09; 2.79824e-09; 5.97326e-09; 1.24614e-08; 2.54292e-08; 5.07998e-08; 9.94234e-08; 1.90778e-07; 3.59153e-07; 6.63781e-07; 1.20512e-06; 2.15055e-06; 3.77419e-06; 6.51751e-06; 1.10801e-05; 1.85529e-05; 3.06119e-05; 4.97928e-05; 7.98772e-05; 0.000126425; 0.000197498; 0.000304629; 0.000464102; 0.000698613; 0.0010394; 0.00152893; 0.00222424; 0.00320107; 0.00455879; 0.00642631; 0.00896907; 0.012397; 0.0169737; 0.0230268; 0.0309588; 0.04126; 0.0545209; 0.071446; 0.0928672; 0.119758; 0.153247; 0.194627; 0.245369; 0.30713; 0.381758; 0.471293; 0.577969; 0.704208; 0.852611; 1.02594; 1.22711; 1.45915; 1.7252; 2.02843; 2.37208; 2.75934; 3.19338; 3.67724; 4.21386; 4.80596; 5.45606; 6.16642; 6.93896; 7.77532; 8.67674; 9.64408; 10.6778; 11.778; 12.9442; 14.1756; 15.4711; 16.829; 18.2473; 19.7237; 21.2554; 22.8394; 24.4725; 26.151; 27.8713; 29.6294; 31.4213; 33.2428; 35.0897; 36.9578; 38.8428; 40.7404; 42.6466; 44.5571; 46.468; 48.3753; 50.2754; 52.1645; 54.039; 55.8958; 57.7315; 59.5431; 61.3277; 63.0825; 64.8051; 66.4928; 68.1434; 69.7548; 71.3249; 72.8518; 74.3337; 75.7689; 77.1559; 78.4932; 79.7794; 81.0134; 82.1937; 83.3195; 84.3896; 85.4031; 86.3591; 87.2567; 88.0953; 88.8741; 89.5926; 90.25; 90.8459; 91.3799; 91.8515; 92.2603; 92.6061; 92.8885; 93.1074; 93.2625; 93.3538; 93.3812; 93.3446; 93.2441; 93.0798; 92.8516; 92.5599; 92.2047; 91.7863; 91.3051; 90.7613; 90.1553; 89.4876; 88.7586; 87.9688; 87.1188; 86.2092; 85.2406; 84.2139; 83.1297; 81.9889; 80.7924; 79.5413; 78.2365; 76.8793; 75.4709; 74.0126; 72.506; 70.9527; 69.3545; 67.7133; 66.0312; 64.3106; 62.5538; 60.7637; 58.9432; 57.0953; 55.2234; 53.3312; 51.4224; 49.5009; 47.5711; 45.6372; 43.7038; 41.7754; 39.8567; 37.9525; 36.0676; 34.2066; 32.3741; 30.5748; 28.8129; 27.0925; 25.4175; 23.7916; 22.2179; 20.6993; 19.2385; 17.8374; 16.4979; 15.2212; 14.0082; 12.8593; 11.7747; 10.7539; 9.7963; 8.90084; 8.06617; 7.29065; 6.57239; 5.9093; 5.29908; 4.73932; 4.22747; 3.76091; 3.33698; 2.953; 2.60628; 2.29419; 2.01415; 1.76363; 1.54021; 1.34157; 1.16549; 1.00988; 0.872781; 0.752341; 0.64685; 0.554725; 0.474506; 0.404855; 0.344555; 0.292498; 0.247685; 0.209215; 0.176284; 0.14817; 0.124235; 0.103913; 0.0867054; 0.0721735; 0.0599338; 0.0496519; 0.0410369; 0.0338374; 0.0278361; 0.0228463; 0.018708; 0.0152845; 0.0124592; 0.0101334; 0.00822335; 0.00665859; 0.00537974; 0.00433703; 0.00348885; 0.00280052; 0.0022432; 0.00179298; 0.00143012; 0.00113831; 0.000904173; 0.000716718; 0.000566969; 0.000447601; 0.000352655; 0.000277295; 0.000217608; 0.000170434; 0.000133226; 0.00010394; 8.09363e-05; 6.29037e-05; 4.87964e-05; 3.7782e-05; 2.91994e-05; 2.25248e-05; 1.73441e-05; 1.33307e-05; 1.02275e-05; 7.8326e-06; 5.98787e-06; 4.56954e-06; 3.48106e-06; 2.64726e-06; 2.0097e-06; 1.52309e-06; 1.15234e-06; 8.70368e-07; 6.56295e-07; 4.94054e-07; 3.71308e-07; 2.78601e-07; 2.08702e-07; 1.56089e-07; 1.16553e-07; 8.68926e-08; 6.46785e-08; 4.80681e-08; 3.56682e-08; 2.64262e-08; 1.9549e-08; 1.44396e-08; 1.06496e-08; 7.84259e-09; 5.76689e-09; 4.23432e-09; 3.10449e-09; 2.27282e-09; 1.66155e-09; 1.21294e-09; 8.842e-10; 6.43647e-10; 4.67881e-10; 3.39641e-10; 2.46209e-10; 1.78235e-10; 1.28852e-10; 9.3025e-11; 6.70697e-11; 4.82919e-11; 3.47254e-11; 2.49373e-11; 1.78848e-11; 1.28103e-11; 9.1637e-12; 6.5468e-12; 4.67128e-12; 3.32886e-12; 2.36925e-12; 1.68417e-12; 1.19571e-12; 8.47876e-13; 6.00495e-13; 4.24778e-13; 3.00118e-13; 2.11789e-13; 1.49279e-13; 1.05096e-13; 7.3903e-14; 5.1908e-14; 3.64171e-14; 2.55198e-14; 1.78631e-14; 1.24894e-14; 8.72251e-15; 6.08492e-15; 4.2402e-15; 2.95148e-15; 2.05219e-15; 1.42535e-15; 9.88909e-16; 6.8537e-16; 4.74493e-16; 3.28152e-16; 2.26705e-16; 1.56457e-16; 1.07864e-16; 7.4286e-17; 5.11084e-17; 3.51265e-17; 2.41178e-17; 1.65425e-17; 1.13352e-17; 7.75938e-18; 5.30633e-18; 3.62522e-18; 2.47429e-18; 1.68712e-18; 1.14927e-18; 7.8213e-19; 5.3177e-19; 3.61208e-19; 2.45121e-19; 1.66188e-19; 1.12567e-19; 7.61771e-20; 5.15036e-20; 3.47899e-20; 2.34788e-20; 1.58309e-20; 1.06646e-20; 7.17789e-21; 4.82685e-21; 3.24301e-21; 2.17696e-21; 1.46008e-21; 9.7842e-22; 6.55089e-22; 4.38231e-22; 2.92911e-22; 1.95615e-22; 1.30528e-22; 8.70241e-23; 5.79716e-23; 3.85862e-23; 2.5662e-23; 1.70528e-23; 1.13226e-23; 7.51183e-24; 4.97963e-24; 3.29838e-24; 2.18303e-24; 1.44369e-24; 9.53999e-25; 6.29915e-25; 4.15603e-25; 2.73993e-25; 1.80496e-25; 1.18813e-25; 7.81497e-26; 5.13646e-26; 3.37344e-26; 2.2139e-26; 1.45185e-26; 9.51396e-27; 6.22992e-27; 4.07648e-27; 2.66546e-27; 1.74159e-27; 1.13712e-27; 7.41916e-28; 4.8372e-28; 3.15156e-28; 2.05188e-28; 1.33497e-28; 8.67941e-29; 5.63906e-29; 3.6612e-29; 2.37543e-29; 1.54015e-29; 9.9791e-30; 6.46137e-30; 4.18086e-30; 2.70344e-30; 1.74694e-30; 1.12811e-30; 7.28016e-31; 4.6951e-31; 3.02597e-31; 1.94896e-31; 1.25447e-31; 8.0694e-32; 5.18732e-32; 3.33249e-32; 2.13954e-32; 1.37277e-32; 8.80247e-33; 5.64079e-33; 3.61249e-33; 2.31209e-33; 1.47889e-33; 9.45372e-34; 6.03956e-34; 3.85607e-34; 2.4605e-34; 1.56907e-34; 1e-34; 6.36947e-35; 4.05461e-35; 2.57953e-35; 1.64012e-35; 1.04222e-35; 6.61903e-36; 4.20123e-36; 2.66508e-36; 1.68965e-36; 1.07062e-36; 6.78e-37; 4.29121e-37; 2.71448e-37; 1.71613e-37; 1.08436e-37; 6.84792e-38; 4.32219e-38; 2.72654e-38; 1.71903e-38; 1.08323e-38; 6.82217e-39; 4.2943e-39; 2.70165e-39; 1.69877e-39; 1.06761e-39; 6.70594e-40; 4.20998e-40; 2.64164e-40; 1.65669e-40; 1.03845e-40; 6.50584e-41; 4.07381e-41; 2.54962e-41; 1.59489e-41; 9.97161e-42; 6.23135e-42; 3.89207e-42; 2.42976e-42; 1.51611e-42; 9.45543e-43; 5.89412e-43; 3.67235e-43; 2.28695e-43; 1.42351e-43; 8.8563e-44; 5.50726e-44; 3.42303e-44; 2.12656e-44; 1.3205e-44; 8.19588e-45; 5.08449e-45; 3.15279e-45; 1.95407e-45; 1.21055e-45; 7.49592e-46; 4.63945e-46; 2.87018e-46; 1.77481e-46; 1.09698e-46; 6.77718e-47; 4.18507e-47; 2.58322e-47; 1.59377e-47; 9.8287e-48; 6.05863e-48; 3.73302e-48; 2.29909e-48; 1.41534e-48; 8.70917e-49; 5.35678e-49; 3.29339e-49; 2.02393e-49; 1.24326e-49; 7.63382e-50; 4.6853e-50; 2.87441e-50; 1.7627e-50; 1.0805e-50; 6.62045e-51; 4.05481e-51; 2.48241e-51; 1.51914e-51; 9.29271e-52; 5.6821e-52; 3.47295e-52; 2.12183e-52; 1.29583e-52; 7.9106e-53; 4.82722e-53; 2.94449e-53; 1.79536e-53; 1.09425e-53; 6.66676e-54; 4.06013e-54; 2.47169e-54; 1.50411e-54; 9.14947e-55; 5.56345e-55; 3.38162e-55; 2.05465e-55; 1.24791e-55; 7.57644e-56; 4.59813e-56; 2.78954e-56; 1.69169e-56; 1.02552e-56; 6.21453e-57; 3.76451e-57; 2.27954e-57; 1.37983e-57; 8.34921e-58; 5.05015e-58; 3.05355e-58; 1.84564e-58; 1.11515e-58; 6.73535e-59; 4.0666e-59; 2.45441e-59; 1.48084e-59; 8.93127e-60; 5.38475e-60; 3.24537e-60; 1.95528e-60; 1.17761e-60; 7.08997e-61; 4.26712e-61; 2.56729e-61; 1.54406e-61; 9.28337e-62; 5.57953e-62; 3.35228e-62; 2.01343e-62; 1.20888e-62; 7.25581e-63; 4.35353e-63; 2.61127e-63; 1.56573e-63; 9.38504e-64; 5.62357e-64; 3.36857e-64; 2.01713e-64; 1.20749e-64; 7.22582e-65; 4.32266e-65; 2.58508e-65; 1.54546e-65; 9.23633e-66; 5.51826e-66; 3.29585e-66; 1.96785e-66; 1.17458e-66; 7.0086e-67; 4.18066e-67; 2.493e-67; 1.48615e-67; 8.85666e-68; 5.27644e-68; 3.14251e-68; 1.87102e-68; 1.11365e-68; 6.62649e-69; 3.94173e-69; 2.344e-69; 1.39347e-69; 8.28142e-70; 4.92019e-70; 2.92233e-70; 1.73519e-70; 1.02999e-70; 6.11212e-71; 3.62595e-71; 2.15042e-71; 1.27497e-71; 7.55693e-72; 4.47781e-72; 2.65253e-72; 1.57083e-72; 9.29973e-73; 5.50412e-73; 3.25672e-73; 1.92641e-73; 1.13919e-73; 6.73467e-74; 3.98029e-74; 2.35175e-74; 1.38914e-74; 8.20309e-75; 4.84271e-75; 2.85811e-75; 1.68635e-75; 9.94713e-76; 5.8658e-76; 3.4581e-76; 2.03812e-76; 1.20089e-76; 7.07389e-77; 4.16577e-77; 2.45254e-77; 1.44351e-77; 8.49386e-78; 4.99661e-78; 2.93853e-78; 1.7277e-78; 1.01553e-78; 5.96765e-79; 3.50589e-79; 2.05911e-79; 1.20906e-79; 7.09745e-80; 4.16528e-80; 2.44384e-80; 1.43348e-80; 8.40613e-81; 4.92822e-81; 2.88851e-81; 1.69257e-81; 9.91536e-82; 5.80712e-82; 3.40019e-82; 1.99039e-82; 1.16483e-82; 6.81519e-83; 3.98645e-83; 0; 
Max norm of the error for n = 0.2:
14.1756
Two norm of the error for n = 0.2:
77.0876
n = 0.3
0; 0; 0; 0; 0; 0; 0; 0; 0; 0; 0; 0; 0; 0; 0; 0; 0; 0; 0; 0; 0; 0; 0; 0; 0; 0; 0; 0; 0; 0; 0; 0; 0; 0; 0; 0; 0; 0; 0; 0; 0; 0; 0; 0; 0; 0; 0; 0; 0; 0; 0; 0; 0; 0; 0; 0; 0; 0; 0; 0; 0; 0; 0; 0; 0; 0; 0; 0; 0; 0; 0; 0; 0; 0; 0; 0; 0; 0; 0; 0; 0; 0; 0; 0; 0; 0; 0; 0; 0; 0; 0; 0; 0; 0; 0; 0; 0; 0; 0; 0; 0; 1.83409e-45; 1.41223e-43; 5.47327e-42; 1.42351e-40; 2.79502e-39; 4.41905e-38; 5.86008e-37; 6.70389e-36; 6.75363e-35; 6.08635e-34; 4.9678e-33; 3.70943e-32; 2.55491e-31; 1.63448e-30; 9.76966e-30; 5.48381e-29; 2.90341e-28; 1.45559e-27; 6.93379e-27; 3.14794e-26; 1.36583e-25; 5.6775e-25; 2.26609e-24; 8.70245e-24; 3.22151e-23; 1.15152e-22; 3.98069e-22; 1.33276e-21; 4.32746e-21; 1.36441e-20; 4.18207e-20; 1.24751e-19; 3.62525e-19; 1.02728e-18; 2.84109e-18; 7.67517e-18; 2.02694e-17; 5.23682e-17; 1.32457e-16; 3.28209e-16; 7.97206e-16; 1.8993e-15; 4.4409e-15; 1.01961e-14; 2.29991e-14; 5.09931e-14; 1.11184e-13; 2.38506e-13; 5.03579e-13; 1.04695e-12; 2.1441e-12; 4.32704e-12; 8.60834e-12; 1.68882e-11; 3.26832e-11; 6.24147e-11; 1.17653e-10; 2.1898e-10; 4.02543e-10; 7.31056e-10; 1.312e-09; 2.32742e-09; 4.0821e-09; 7.08047e-09; 1.21482e-08; 2.06222e-08; 3.46436e-08; 5.76062e-08; 9.48336e-08; 1.54593e-07; 2.49593e-07; 3.99187e-07; 6.32554e-07; 9.93285e-07; 1.5459e-06; 2.38501e-06; 3.64814e-06; 5.53344e-06; 8.32393e-06; 1.24204e-05; 1.83857e-05; 2.70038e-05; 3.93576e-05; 5.69314e-05; 8.17432e-05; 0.000116516; 0.000164893; 0.00023172; 0.000323383; 0.000448246; 0.000617176; 0.000844199; 0.00114729; 0.00154931; 0.00207917; 0.00277312; 0.00367639; 0.00484498; 0.00634777; 0.00826896; 0.0107108; 0.0137967; 0.0176747; 0.022521; 0.0285444; 0.0359907; 0.0451473; 0.0563486; 0.0699807; 0.0864874; 0.106376; 0.130221; 0.158672; 0.192457; 0.232389; 0.279369; 0.33439; 0.398539; 0.473002; 0.559062; 0.658102; 0.771598; 0.901123; 1.04834; 1.21499; 1.40289; 1.61394; 1.85008; 2.11328; 2.40558; 2.72899; 3.08555; 3.47728; 3.90614; 4.37405; 4.88285; 5.4343; 6.03003; 6.67155; 7.3602; 8.09719; 8.88352; 9.72; 10.6072; 11.5456; 12.5353; 13.5763; 14.6682; 15.8105; 17.0023; 18.2428; 19.5306; 20.8643; 22.2422; 23.6623; 25.1227; 26.621; 28.1547; 29.7214; 31.3184; 32.9426; 34.5913; 36.2615; 37.9499; 39.6536; 41.3693; 43.0939; 44.8241; 46.5569; 48.289; 50.0172; 51.7387; 53.4503; 55.1491; 56.8321; 58.4967; 60.1402; 61.7598; 63.353; 64.9175; 66.4509; 67.9509; 69.4155; 70.8425; 72.2302; 73.5765; 74.8798; 76.1384; 77.3508; 78.5156; 79.6313; 80.6966; 81.7104; 82.6715; 83.5789; 84.4316; 85.2288; 85.9695; 86.6531; 87.2788; 87.8461; 88.3543; 88.803; 89.1917; 89.5201; 89.7878; 89.9945; 90.14; 90.2242; 90.247; 90.2082; 90.108; 89.9463; 89.7232; 89.439; 89.0937; 88.6877; 88.2213; 87.6949; 87.1088; 86.4636; 85.7599; 84.9982; 84.1793; 83.304; 82.3729; 81.3872; 80.3478; 79.2559; 78.1125; 76.919; 75.6769; 74.3876; 73.0528; 71.6742; 70.2537; 68.7932; 67.295; 65.7613; 64.1944; 62.5968; 60.9713; 59.3206; 57.6475; 55.955; 54.2463; 52.5245; 50.7929; 49.0548; 47.3137; 45.5729; 43.8359; 42.1061; 40.387; 38.6819; 36.9942; 35.3271; 33.6839; 32.0674; 30.4807; 28.9265; 27.4074; 25.9257; 24.4837; 23.0833; 21.7263; 20.4142; 19.1485; 17.93; 16.7597; 15.6381; 14.5657; 13.5425; 12.5686; 11.6435; 10.7669; 9.93806; 9.15615; 8.42019; 7.72902; 7.08139; 6.47593; 5.91115; 5.38551; 4.8974; 4.44514; 4.02705; 3.6414; 3.28647; 2.96053; 2.66188; 2.38884; 2.13975; 1.91303; 1.7071; 1.52047; 1.35169; 1.1994; 1.06226; 0.939046; 0.828571; 0.72973; 0.641484; 0.562863; 0.492964; 0.430948; 0.376041; 0.327527; 0.28475; 0.247109; 0.214054; 0.185084; 0.159747; 0.13763; 0.118363; 0.101611; 0.0870754; 0.0744869; 0.063606; 0.0542192; 0.0461368; 0.039191; 0.0332331; 0.0281323; 0.0237735; 0.0200557; 0.0168905; 0.0142007; 0.0119192; 0.00998738; 0.00835471; 0.00697732; 0.00581737; 0.00484227; 0.00402401; 0.00333858; 0.0027654; 0.00228694; 0.00188822; 0.00155652; 0.00128106; 0.00105267; 0.000863645; 0.000707452; 0.000578604; 0.000472491; 0.000385244; 0.000313626; 0.000254933; 0.00020691; 0.000167679; 0.000135683; 0.000109629; 8.8446e-05; 7.12508e-05; 5.73142e-05; 4.60363e-05; 3.69239e-05; 2.95723e-05; 2.36504e-05; 1.88874e-05; 1.50621e-05; 1.19946e-05; 9.53833e-06; 7.57447e-06; 6.00658e-06; 4.75664e-06; 3.76162e-06; 2.97067e-06; 2.34284e-06; 1.84519e-06; 1.45129e-06; 1.13995e-06; 8.94205e-07; 7.00507e-07; 5.48043e-07; 4.282e-07; 3.34128e-07; 2.60384e-07; 2.02654e-07; 1.57521e-07; 1.22283e-07; 9.48073e-08; 7.34123e-08; 5.67741e-08; 4.38519e-08; 3.38288e-08; 2.60643e-08; 2.00573e-08; 1.54159e-08; 1.18341e-08; 9.07347e-09; 6.94849e-09; 5.3148e-09; 4.06037e-09; 3.09834e-09; 2.36146e-09; 1.79773e-09; 1.36697e-09; 1.03822e-09; 7.87626e-10; 5.9683e-10; 4.51737e-10; 3.41528e-10; 2.57915e-10; 1.94553e-10; 1.46593e-10; 1.10333e-10; 8.29499e-11; 6.22943e-11; 4.6731e-11; 3.50177e-11; 2.6212e-11; 1.95994e-11; 1.46393e-11; 1.09228e-11; 8.14112e-12; 6.06145e-12; 4.50829e-12; 3.3496e-12; 2.48612e-12; 1.84332e-12; 1.36531e-12; 1.01022e-12; 7.46723e-13; 5.51393e-13; 4.06747e-13; 2.99744e-13; 2.2067e-13; 1.62294e-13; 1.19243e-13; 8.75258e-14; 6.41819e-14; 4.70181e-14; 3.4411e-14; 2.51599e-14; 1.83782e-14; 1.34117e-14; 9.77798e-15; 7.12203e-15; 5.18262e-15; 3.7678e-15; 2.73666e-15; 1.98587e-15; 1.43972e-15; 1.04282e-15; 7.54639e-16; 5.45601e-16; 3.9411e-16; 2.84425e-16; 2.05083e-16; 1.47741e-16; 1.06338e-16; 7.64698e-17; 5.49426e-17; 3.9441e-17; 2.82884e-17; 2.02718e-17; 1.45144e-17; 1.03832e-17; 7.42156e-18; 5.30014e-18; 3.78191e-18; 2.6963e-18; 1.92071e-18; 1.36707e-18; 9.72205e-19; 6.90821e-19; 4.90473e-19; 3.47943e-19; 2.4663e-19; 1.74675e-19; 1.23613e-19; 8.74074e-20; 6.17566e-20; 4.35985e-20; 3.07549e-20; 2.16777e-20; 1.52676e-20; 1.07445e-20; 7.5555e-21; 5.30888e-21; 3.72741e-21; 2.61503e-21; 1.83321e-21; 1.28415e-21; 8.98858e-22; 6.28691e-22; 4.39396e-22; 3.06866e-22; 2.1415e-22; 1.49336e-22; 1.04061e-22; 7.24592e-23; 5.04173e-23; 3.50549e-23; 2.43558e-23; 1.69099e-23; 1.17318e-23; 8.13355e-24; 5.63487e-24; 3.90102e-24; 2.69877e-24; 1.86572e-24; 1.28891e-24; 8.89802e-25; 6.13851e-25; 4.23186e-25; 2.91541e-25; 2.0071e-25; 1.38084e-25; 9.49333e-26; 6.52229e-26; 4.47804e-26; 3.07245e-26; 2.10663e-26; 1.44346e-26; 9.88394e-27; 6.76346e-27; 4.6251e-27; 3.16074e-27; 2.1586e-27; 1.47324e-27; 1.00483e-27; 6.84908e-28; 4.66543e-28; 3.17595e-28; 2.16062e-28; 1.46895e-28; 9.98073e-29; 6.77709e-29; 4.59888e-29; 3.11881e-29; 2.11376e-29; 1.43171e-29; 9.69135e-30; 6.55612e-30; 4.43245e-30; 2.99486e-30; 2.0223e-30; 1.36474e-30; 9.2044e-31; 6.2041e-31; 4.1793e-31; 2.81364e-31; 1.89311e-31; 1.273e-31; 8.5551e-32; 5.74601e-32; 3.85705e-32; 2.58756e-32; 1.7349e-32; 1.16254e-32; 7.78563e-33; 5.2111e-33; 3.48592e-33; 2.33056e-33; 1.55724e-33; 1.03994e-33; 6.94088e-34; 4.62998e-34; 3.08676e-34; 2.05676e-34; 1.3697e-34; 9.11653e-35; 6.06449e-35; 4.03201e-35; 2.67925e-35; 1.77938e-35; 1.18111e-35; 7.83568e-36; 5.19555e-36; 3.44313e-36; 2.28058e-36; 1.50976e-36; 9.98939e-37; 6.60606e-37; 4.36635e-37; 2.88448e-37; 1.90454e-37; 1.25687e-37; 8.29016e-38; 5.46529e-38; 3.60115e-38; 2.37163e-38; 1.56111e-38; 1.02706e-38; 6.75373e-39; 4.43885e-39; 2.91595e-39; 1.91458e-39; 1.25646e-39; 8.24157e-40; 5.40327e-40; 3.5407e-40; 2.31904e-40; 1.51815e-40; 9.93372e-41; 6.49676e-41; 4.2469e-41; 2.77484e-41; 1.81216e-41; 1.18289e-41; 7.7177e-42; 5.03297e-42; 3.28062e-42; 2.13738e-42; 1.39189e-42; 9.05989e-43; 5.89439e-43; 3.83313e-43; 2.49153e-43; 1.61875e-43; 1.05122e-43; 6.82348e-44; 4.42712e-44; 2.87104e-44; 1.86106e-44; 1.20582e-44; 7.80932e-45; 5.0553e-45; 3.27104e-45; 2.11559e-45; 1.36768e-45; 8.83783e-46; 5.7084e-46; 3.68547e-46; 2.37838e-46; 1.53419e-46; 9.89208e-47; 6.37541e-47; 4.10716e-47; 2.64476e-47; 1.70234e-47; 1.09527e-47; 7.04382e-48; 4.52806e-48; 2.90959e-48; 1.86882e-48; 1.19984e-48; 7.70006e-49; 4.93951e-49; 3.16733e-49; 2.03012e-49; 1.30068e-49; 8.32994e-50; 5.33253e-50; 3.4123e-50; 2.18265e-50; 1.39554e-50; 8.91923e-51; 5.69817e-51; 3.63888e-51; 2.32288e-51; 1.48222e-51; 9.45416e-52; 6.02784e-52; 3.84174e-52; 2.4475e-52; 1.55865e-52; 9.92204e-53; 6.31371e-53; 4.01605e-53; 2.55355e-53; 1.62301e-53; 1.03117e-53; 6.54896e-54; 4.15765e-54; 2.6385e-54; 1.67379e-54; 1.0614e-54; 6.72812e-55; 4.26328e-55; 2.70041e-55; 1.70983e-55; 1.08222e-55; 6.84722e-56; 4.33064e-56; 2.73797e-56; 1.73039e-56; 1.0932e-56; 6.90396e-57; 4.35849e-57; 2.75053e-57; 1.73515e-57; 1.09421e-57; 6.89777e-58; 4.3467e-58; 2.73813e-58; 1.72422e-58; 1.08537e-58; 6.8298e-59; 4.29619e-59; 2.7015e-59; 1.69814e-59; 1.06707e-59; 6.70279e-60; 4.20889e-60; 2.64198e-60; 0; 
Max norm of the error for n = 0.3:
17.0023
Two norm of the error for n = 0.3:
104.977
n = 0.4
0; 0; 0; 0; 0; 0; 0; 0; 0; 0; 0; 0; 0; 0; 0; 0; 0; 0; 0; 0; 0; 0; 0; 0; 0; 0; 0; 0; 0; 0; 0; 0; 0; 0; 0; 0; 0; 0; 0; 0; 0; 0; 0; 0; 0; 0; 0; 0; 0; 0; 0; 0; 0; 0; 0; 0; 0; 0; 0; 0; 0; 0; 0; 0; 0; 0; 0; 0; 0; 0; 0; 0; 0; 0; 0; 0; 0; 0; 0; 0; 0; 0; 0; 0; 0; 0; 0; 0; 0; 0; 0; 0; 0; 0; 0; 0; 0; 0; 0; 0; 0; 1.629e-60; 1.66156e-58; 8.51627e-57; 2.92446e-55; 7.56915e-54; 1.57497e-52; 2.74437e-51; 4.11889e-50; 5.43537e-49; 6.40651e-48; 6.82875e-47; 6.64881e-46; 5.96244e-45; 4.95906e-44; 3.84802e-43; 2.79995e-42; 1.91896e-41; 1.24357e-40; 7.64652e-40; 4.47486e-39; 2.49926e-38; 1.33549e-37; 6.84293e-37; 3.36905e-36; 1.59679e-35; 7.29815e-35; 3.22171e-34; 1.37564e-33; 5.68928e-33; 2.28185e-32; 8.886e-32; 3.36347e-31; 1.23873e-30; 4.44313e-30; 1.55352e-29; 5.2994e-29; 1.7651e-28; 5.74472e-28; 1.82826e-27; 5.69335e-27; 1.73595e-26; 5.18578e-26; 1.51861e-25; 4.36187e-25; 1.22949e-24; 3.40264e-24; 9.25029e-24; 2.4714e-23; 6.49183e-23; 1.6773e-22; 4.2643e-22; 1.0672e-21; 2.63005e-21; 6.38495e-21; 1.52748e-20; 3.60213e-20; 8.3762e-20; 1.92119e-19; 4.34769e-19; 9.71032e-19; 2.14099e-18; 4.66139e-18; 1.00241e-17; 2.1297e-17; 4.47127e-17; 9.27867e-17; 1.90362e-16; 3.86198e-16; 7.74932e-16; 1.53826e-15; 3.02133e-15; 5.87282e-15; 1.12995e-14; 2.15235e-14; 4.05963e-14; 7.58319e-14; 1.40308e-13; 2.57185e-13; 4.67103e-13; 8.40717e-13; 1.49975e-12; 2.65209e-12; 4.64958e-12; 8.08274e-12; 1.39341e-11; 2.38251e-11; 4.0409e-11; 6.79932e-11; 1.13514e-10; 1.88053e-10; 3.09178e-10; 5.04529e-10; 8.17257e-10; 1.31424e-09; 2.09835e-09; 3.32672e-09; 5.2376e-09; 8.18972e-09; 1.27195e-08; 1.96234e-08; 3.00762e-08; 4.57991e-08; 6.92969e-08; 1.04191e-07; 1.55686e-07; 2.31207e-07; 3.41289e-07; 5.00785e-07; 7.305e-07; 1.05941e-06; 1.52762e-06; 2.19031e-06; 3.12297e-06; 4.42827e-06; 6.24503e-06; 8.75991e-06; 1.22225e-05; 1.69646e-05; 2.34249e-05; 3.21806e-05; 4.39865e-05; 5.98247e-05; 8.09664e-05; 0.000109048; 0.000146167; 0.000194993; 0.000258914; 0.000342204; 0.000450225; 0.000589678; 0.00076889; 0.000998163; 0.00129018; 0.00166047; 0.00212799; 0.00271574; 0.00345148; 0.00436863; 0.00550718; 0.00691477; 0.00864793; 0.0107734; 0.0133697; 0.0165286; 0.0203571; 0.0249795; 0.0305392; 0.0372013; 0.0451546; 0.0546146; 0.065826; 0.0790656; 0.0946446; 0.112912; 0.134258; 0.159116; 0.187966; 0.221335; 0.259805; 0.304009; 0.354639; 0.412441; 0.478224; 0.552855; 0.637261; 0.732431; 0.839414; 0.959316; 1.0933; 1.24258; 1.40842; 1.59215; 1.7951; 2.01867; 2.26427; 2.53334; 2.82734; 3.14771; 3.49591; 3.87337; 4.28151; 4.72171; 5.19529; 5.70353; 6.24764; 6.82876; 7.44793; 8.1061; 8.8041; 9.54266; 10.3224; 11.1437; 12.007; 12.9124; 13.8599; 14.8495; 15.8808; 16.9534; 18.0667; 19.22; 20.4122; 21.6424; 22.9093; 24.2115; 25.5476; 26.9157; 28.3143; 29.7413; 31.1948; 32.6727; 34.1727; 35.6925; 37.2298; 38.7821; 40.347; 41.9219; 43.5042; 45.0915; 46.681; 48.2702; 49.8565; 51.4373; 53.0099; 54.572; 56.1209; 57.6542; 59.1696; 60.6645; 62.1368; 63.5841; 65.0044; 66.3954; 67.7551; 69.0816; 70.373; 71.6274; 72.8431; 74.0185; 75.1519; 76.2419; 77.2869; 78.2857; 79.237; 80.1395; 80.9922; 81.7939; 82.5438; 83.2408; 83.8842; 84.4731; 85.0069; 85.485; 85.9067; 86.2715; 86.5791; 86.829; 87.0209; 87.1546; 87.2298; 87.2465; 87.2046; 87.1041; 86.945; 86.7274; 86.4516; 86.1178; 85.7263; 85.2775; 84.7719; 84.21; 83.5923; 82.9197; 82.1927; 81.4124; 80.5795; 79.6951; 78.7603; 77.7763; 76.7442; 75.6655; 74.5417; 73.3742; 72.1647; 70.915; 69.6269; 68.3023; 66.9431; 65.5517; 64.13; 62.6805; 61.2054; 59.7072; 58.1884; 56.6516; 55.0994; 53.5345; 51.9595; 50.3773; 48.7905; 47.2019; 45.6143; 44.0305; 42.453; 40.8848; 39.3282; 37.786; 36.2607; 34.7546; 33.27; 31.8093; 30.3744; 28.9675; 27.5902; 26.2444; 24.9316; 23.6533; 22.4106; 21.2048; 20.0368; 18.9073; 17.8171; 16.7666; 15.7561; 14.7858; 13.8559; 12.9661; 12.1162; 11.3059; 10.5347; 9.80204; 9.10716; 8.44929; 7.82757; 7.24104; 6.68867; 6.16941; 5.68211; 5.2256; 4.7987; 4.40018; 4.0288; 3.68331; 3.36246; 3.06502; 2.78975; 2.53544; 2.3009; 2.08496; 1.88649; 1.70438; 1.53756; 1.38503; 1.24578; 1.11887; 1.00341; 0.898537; 0.80344; 0.71735; 0.639545; 0.569343; 0.506105; 0.449233; 0.398171; 0.352399; 0.311436; 0.274836; 0.242186; 0.213107; 0.18725; 0.164294; 0.143945; 0.125937; 0.110025; 0.095987; 0.0836214; 0.0727459; 0.0631958; 0.0548223; 0.0474918; 0.0410841; 0.0354915; 0.0306177; 0.0263767; 0.0226919; 0.019495; 0.0167256; 0.01433; 0.0122609; 0.0104764; 0.00893949; 0.00761781; 0.00648284; 0.00550961; 0.00467626; 0.00396371; 0.00335529; 0.00283653; 0.00239484; 0.00201929; 0.00170041; 0.00143004; 0.00120111; 0.00100753; 0.000844067; 0.000706223; 0.000590141; 0.000492515; 0.000410522; 0.00034175; 0.000284143; 0.000235952; 0.000195692; 0.000162101; 0.000134111; 0.000110818; 9.14591e-05; 7.53903e-05; 6.20695e-05; 5.10408e-05; 4.19214e-05; 3.43902e-05; 2.81784e-05; 2.30613e-05; 1.88512e-05; 1.53915e-05; 1.25521e-05; 1.02246e-05; 8.319e-06; 6.76073e-06; 5.48802e-06; 4.4498e-06; 3.60387e-06; 2.91544e-06; 2.35584e-06; 1.90152e-06; 1.53308e-06; 1.23466e-06; 9.93213e-07; 7.981e-07; 6.40609e-07; 5.13631e-07; 4.11371e-07; 3.29111e-07; 2.63015e-07; 2.09966e-07; 1.67436e-07; 1.33378e-07; 1.06134e-07; 8.43655e-08; 6.69907e-08; 5.31382e-08; 4.21059e-08; 3.33292e-08; 2.63546e-08; 2.08178e-08; 1.64273e-08; 1.29495e-08; 1.01975e-08; 8.02217e-09; 6.30448e-09; 4.94957e-09; 3.88194e-09; 3.04154e-09; 2.38071e-09; 1.8616e-09; 1.45424e-09; 1.13491e-09; 8.84822e-10; 6.89172e-10; 5.36261e-10; 4.16873e-10; 3.23752e-10; 2.5119e-10; 1.94705e-10; 1.50778e-10; 1.1665e-10; 9.0162e-11; 6.96228e-11; 5.37122e-11; 4.13988e-11; 3.18786e-11; 2.45249e-11; 1.88502e-11; 1.44752e-11; 1.11054e-11; 8.51239e-12; 6.51887e-12; 4.98771e-12; 3.81275e-12; 2.91197e-12; 2.22201e-12; 1.69403e-12; 1.29036e-12; 9.82009e-13; 7.46689e-13; 5.67262e-13; 4.30575e-13; 3.26541e-13; 2.47429e-13; 1.87322e-13; 1.41695e-13; 1.0709e-13; 8.08677e-14; 6.10144e-14; 4.59963e-14; 3.46456e-14; 2.60741e-14; 1.96069e-14; 1.47315e-14; 1.10593e-14; 8.29558e-15; 6.21743e-15; 4.65607e-15; 3.48397e-15; 2.60482e-15; 1.94594e-15; 1.45255e-15; 1.08339e-15; 8.07402e-16; 6.01244e-16; 4.4737e-16; 3.32614e-16; 2.471e-16; 1.83427e-16; 1.36055e-16; 1.00839e-16; 7.46807e-17; 5.52652e-17; 4.08659e-17; 3.01952e-17; 2.22937e-17; 1.64474e-17; 1.21251e-17; 8.93191e-18; 6.57472e-18; 4.83598e-18; 3.55442e-18; 2.61054e-18; 1.91589e-18; 1.40504e-18; 1.02965e-18; 7.54005e-19; 5.51748e-19; 4.03453e-19; 2.94801e-19; 2.15255e-19; 1.5706e-19; 1.14516e-19; 8.34372e-20; 6.07496e-20; 4.41998e-20; 3.21359e-20; 2.33483e-20; 1.69519e-20; 1.22992e-20; 8.91729e-21; 6.46085e-21; 4.67786e-21; 3.38459e-21; 2.44719e-21; 1.76821e-21; 1.27674e-21; 9.21256e-22; 6.643e-22; 4.78692e-22; 3.44712e-22; 2.48067e-22; 1.78398e-22; 1.28211e-22; 9.20818e-23; 6.60901e-23; 4.74039e-23; 3.39789e-23; 2.434e-23; 1.74241e-23; 1.24652e-23; 8.91192e-24; 6.36741e-24; 4.5465e-24; 3.24425e-24; 2.31354e-24; 1.64878e-24; 1.1743e-24; 8.35831e-25; 5.94549e-25; 4.22655e-25; 3.00272e-25; 2.13193e-25; 1.51274e-25; 1.07273e-25; 7.60236e-26; 5.38446e-26; 3.81128e-26; 2.6961e-26; 1.90607e-26; 1.34673e-26; 9.50961e-27; 6.71095e-27; 4.73311e-27; 3.33619e-27; 2.35016e-27; 1.65459e-27; 1.16419e-27; 8.18666e-28; 5.75353e-28; 4.04119e-28; 2.83683e-28; 1.99024e-28; 1.39549e-28; 9.77911e-29; 6.84894e-29; 4.79402e-29; 3.35374e-29; 2.34484e-29; 1.63852e-29; 1.14432e-29; 7.98723e-30; 5.57191e-30; 3.88481e-30; 2.70704e-30; 1.88529e-30; 1.31227e-30; 9.12915e-31; 6.34744e-31; 4.41092e-31; 3.06354e-31; 2.12659e-31; 1.47539e-31; 1.02305e-31; 7.09013e-32; 4.9111e-32; 3.39994e-32; 2.35251e-32; 1.62691e-32; 1.12451e-32; 7.76851e-33; 5.36392e-33; 3.70169e-33; 2.55324e-33; 1.76018e-33; 1.21282e-33; 8.3524e-34; 5.74915e-34; 3.95523e-34; 2.71969e-34; 1.86915e-34; 1.28395e-34; 8.8152e-35; 6.04918e-35; 4.14899e-35; 2.84427e-35; 1.94886e-35; 1.33467e-35; 9.13592e-36; 6.2505e-36; 4.27427e-36; 2.92143e-36; 1.9958e-36; 1.36278e-36; 9.3008e-37; 6.34461e-37; 4.32593e-37; 2.94811e-37; 2.00816e-37; 1.36724e-37; 9.30425e-38; 6.32866e-38; 4.30265e-38; 2.92384e-38; 1.98594e-38; 1.34826e-38; 9.14904e-39; 6.20547e-39; 4.20699e-39; 2.85079e-39; 1.93089e-39; 1.30722e-39; 8.84584e-40; 5.98315e-40; 4.04502e-40; 2.73347e-40; 1.84633e-40; 1.24654e-40; 8.41212e-41; 5.67426e-41; 3.82576e-41; 2.57828e-41; 1.7368e-41; 1.16943e-41; 7.87053e-42; 5.29471e-42; 3.56031e-42; 2.393e-42; 1.6077e-42; 1.07964e-42; 7.24704e-43; 4.86244e-43; 3.26106e-43; 2.18612e-43; 0; 
Max norm of the error for n = 0.4:
19.22
Two norm of the error for n = 0.4:
129.897
n = 0.5
0; 0; 0; 0; 0; 0; 0; 0; 0; 0; 0; 0; 0; 0; 0; 0; 0; 0; 0; 0; 0; 0; 0; 0; 0; 0; 0; 0; 0; 0; 0; 0; 0; 0; 0; 0; 0; 0; 0; 0; 0; 0; 0; 0; 0; 0; 0; 0; 0; 0; 0; 0; 0; 0; 0; 0; 0; 0; 0; 0; 0; 0; 0; 0; 0; 0; 0; 0; 0; 0; 0; 0; 0; 0; 0; 0; 0; 0; 0; 0; 0; 0; 0; 0; 0; 0; 0; 0; 0; 0; 0; 0; 0; 0; 0; 0; 0; 0; 0; 0; 0; 1.44684e-75; 1.83748e-73; 1.17146e-71; 4.9988e-70; 1.60615e-68; 4.14488e-67; 8.94873e-66; 1.66251e-64; 2.71313e-63; 3.95104e-62; 5.19847e-61; 6.24197e-60; 6.89681e-59; 7.06116e-58; 6.73868e-57; 6.02506e-56; 5.06947e-55; 4.02971e-54; 3.03665e-53; 2.17601e-52; 1.48686e-51; 9.71194e-51; 6.07782e-50; 3.65164e-49; 2.11029e-48; 1.17506e-47; 6.31439e-47; 3.27939e-46; 1.6483e-45; 8.02805e-45; 3.79337e-44; 1.74084e-43; 7.76711e-43; 3.37244e-42; 1.42629e-41; 5.88059e-41; 2.36555e-40; 9.29122e-40; 3.56578e-39; 1.33805e-38; 4.91257e-38; 1.76575e-37; 6.21709e-37; 2.14548e-36; 7.26057e-36; 2.41071e-35; 7.85703e-35; 2.51484e-34; 7.90848e-34; 2.4445e-33; 7.42983e-33; 2.2214e-32; 6.5358e-32; 1.89299e-31; 5.39916e-31; 1.51697e-30; 4.19993e-30; 1.14618e-29; 3.08417e-29; 8.18512e-29; 2.14305e-28; 5.53704e-28; 1.41212e-27; 3.5557e-27; 8.84184e-27; 2.17183e-26; 5.27075e-26; 1.2641e-25; 2.99668e-25; 7.02332e-25; 1.6277e-24; 3.73096e-24; 8.45988e-24; 1.89795e-23; 4.21364e-23; 9.25893e-23; 2.01404e-22; 4.33758e-22; 9.25065e-22; 1.95393e-21; 4.0881e-21; 8.47375e-21; 1.74034e-20; 3.54208e-20; 7.14506e-20; 1.42868e-19; 2.83208e-19; 5.56632e-19; 1.08487e-18; 2.09696e-18; 4.02027e-18; 7.64576e-18; 1.44257e-17; 2.70056e-17; 5.01667e-17; 9.24846e-17; 1.69223e-16; 3.07349e-16; 5.54148e-16; 9.91941e-16; 1.763e-15; 3.11147e-15; 5.45338e-15; 9.49271e-15; 1.64126e-14; 2.8188e-14; 4.80937e-14; 8.15235e-14; 1.37305e-13; 2.29788e-13; 3.8216e-13; 6.31642e-13; 1.03762e-12; 1.69424e-12; 2.74988e-12; 4.43698e-12; 7.11746e-12; 1.13516e-11; 1.80015e-11; 2.83865e-11; 4.45137e-11; 6.94195e-11; 1.07672e-10; 1.66105e-10; 2.54888e-10; 3.89071e-10; 5.90804e-10; 8.92524e-10; 1.34148e-09; 2.00612e-09; 2.98513e-09; 4.42004e-09; 6.51284e-09; 9.5503e-09; 1.39376e-08; 2.02445e-08; 2.9268e-08; 4.21181e-08; 6.0333e-08; 8.60344e-08; 1.22135e-07; 1.72616e-07; 2.42892e-07; 3.40294e-07; 4.74707e-07; 6.59396e-07; 9.12082e-07; 1.25634e-06; 1.72339e-06; 2.35442e-06; 3.20348e-06; 4.34128e-06; 5.85986e-06; 7.87858e-06; 1.05516e-05; 1.4077e-05; 1.87087e-05; 2.47705e-05; 3.26737e-05; 4.29389e-05; 5.62222e-05; 7.33474e-05; 9.53446e-05; 0.000123497; 0.000159399; 0.000205017; 0.000262779; 0.00033566; 0.000427299; 0.000542126; 0.00068552; 0.000863981; 0.00108534; 0.001359; 0.00169621; 0.00211037; 0.00261739; 0.0032361; 0.00398872; 0.00490135; 0.00600455; 0.007334; 0.00893119; 0.0108442; 0.0131286; 0.0158484; 0.0190768; 0.022898; 0.0274074; 0.0327138; 0.0389402; 0.0462254; 0.0547255; 0.0646156; 0.0760913; 0.0893702; 0.104694; 0.122331; 0.142575; 0.165751; 0.192215; 0.222353; 0.256588; 0.295379; 0.33922; 0.388645; 0.444227; 0.50658; 0.576359; 0.654259; 0.741018; 0.837415; 0.944268; 1.06244; 1.19282; 1.33635; 1.49399; 1.66675; 1.85566; 2.06176; 2.28614; 2.52989; 2.79411; 3.07992; 3.38844; 3.72077; 4.07802; 4.46127; 4.87159; 5.31002; 5.77755; 6.27513; 6.80367; 7.36403; 7.95697; 8.58323; 9.24344; 9.93815; 10.6678; 11.4329; 12.2335; 13.0699; 13.9422; 14.8504; 15.7941; 16.7733; 17.7874; 18.8361; 19.9186; 21.0342; 22.1821; 23.3613; 24.5707; 25.8091; 27.0752; 28.3676; 29.6848; 31.0253; 32.3873; 33.769; 35.1688; 36.5845; 38.0144; 39.4563; 40.9081; 42.3679; 43.8333; 45.3024; 46.7727; 48.2422; 49.7086; 51.1698; 52.6234; 54.0672; 55.4992; 56.917; 58.3186; 59.7019; 61.0648; 62.4052; 63.7211; 65.0107; 66.272; 67.5032; 68.7024; 69.868; 70.9984; 72.0918; 73.1468; 74.1618; 75.1355; 76.0666; 76.9537; 77.7956; 78.5912; 79.3395; 80.0394; 80.6899; 81.2903; 81.8396; 82.3373; 82.7826; 83.1749; 83.5136; 83.7984; 84.0288; 84.2046; 84.3254; 84.391; 84.4013; 84.3564; 84.2561; 84.1006; 83.8901; 83.6247; 83.3048; 82.9307; 82.503; 82.022; 81.4884; 80.9029; 80.2662; 79.5792; 78.8427; 78.0577; 77.2254; 76.3468; 75.4231; 74.4558; 73.4461; 72.3955; 71.3056; 70.178; 69.0143; 67.8163; 66.586; 65.325; 64.0355; 62.7195; 61.379; 60.0161; 58.6331; 57.2321; 55.8155; 54.3854; 52.9442; 51.4942; 50.0377; 48.5771; 47.1146; 45.6526; 44.1933; 42.739; 41.2919; 39.8541; 38.4278; 37.015; 35.6177; 34.2377; 32.8769; 31.5371; 30.2198; 28.9266; 27.659; 26.4182; 25.2056; 24.0221; 22.8689; 21.7468; 20.6565; 19.5988; 18.5742; 17.583; 16.6256; 15.7022; 14.813; 13.9578; 13.1366; 12.3493; 11.5954; 10.8747; 10.1867; 9.53087; 8.9066; 8.31325; 7.7501; 7.21641; 6.71136; 6.23411; 5.78377; 5.35946; 4.96023; 4.58515; 4.23326; 3.90361; 3.59523; 3.30715; 3.03844; 2.78814; 2.55532; 2.33907; 2.1385; 1.95273; 1.78091; 1.62221; 1.47585; 1.34104; 1.21706; 1.10318; 0.998739; 0.903078; 0.815581; 0.735663; 0.662767; 0.596367; 0.535966; 0.481097; 0.431321; 0.386227; 0.345429; 0.308567; 0.275306; 0.245335; 0.218363; 0.194124; 0.172369; 0.152868; 0.135413; 0.119807; 0.105874; 0.0934506; 0.0823872; 0.0725479; 0.0638085; 0.0560559; 0.0491875; 0.0431102; 0.0377397; 0.0329998; 0.0288217; 0.0251435; 0.0219093; 0.0190692; 0.0165782; 0.014396; 0.0124869; 0.0108185; 0.00936245; 0.00809317; 0.00698807; 0.00602707; 0.00519239; 0.0044683; 0.00384088; 0.0032979; 0.00282853; 0.00242328; 0.0020738; 0.00177277; 0.00151377; 0.0012912; 0.00110016; 0.000936362; 0.00079609; 0.0006761; 0.000573578; 0.000486081; 0.00041149; 0.000347974; 0.00029395; 0.00024805; 0.000209097; 0.000176075; 0.000148113; 0.000124461; 0.000104478; 8.76113e-05; 7.33919e-05; 6.14169e-05; 5.13429e-05; 4.28774e-05; 3.57712e-05; 2.98123e-05; 2.48208e-05; 2.06442e-05; 1.71531e-05; 1.42381e-05; 1.18066e-05; 9.78061e-06; 8.09421e-06; 6.69196e-06; 5.52717e-06; 4.56063e-06; 3.75942e-06; 3.09594e-06; 2.54707e-06; 2.09348e-06; 1.719e-06; 1.41015e-06; 1.15567e-06; 9.46216e-07; 7.73983e-07; 6.32498e-07; 5.16388e-07; 4.21194e-07; 3.43226e-07; 2.79428e-07; 2.27277e-07; 1.84687e-07; 1.49938e-07; 1.21615e-07; 9.85515e-08; 7.97883e-08; 6.45384e-08; 5.21556e-08; 4.21103e-08; 3.3969e-08; 2.7377e-08; 2.20443e-08; 1.77345e-08; 1.42546e-08; 1.14473e-08; 9.18468e-09; 7.36279e-09; 5.8971e-09; 4.71903e-09; 3.77301e-09; 3.014e-09; 2.40559e-09; 1.91833e-09; 1.52845e-09; 1.21676e-09; 9.67803e-10; 7.69127e-10; 6.10716e-10; 4.8452e-10; 3.84076e-10; 3.04199e-10; 2.40731e-10; 1.90346e-10; 1.50381e-10; 1.18709e-10; 9.36293e-11; 7.37875e-11; 5.81027e-11; 4.57145e-11; 3.59383e-11; 2.82297e-11; 2.21566e-11; 1.7376e-11; 1.36159e-11; 1.06609e-11; 8.34051e-12; 6.51998e-12; 5.09277e-12; 3.97483e-12; 3.09984e-12; 2.41557e-12; 1.88087e-12; 1.46338e-12; 1.13768e-12; 8.83779e-13; 6.86012e-13; 5.3209e-13; 4.12387e-13; 3.19368e-13; 2.47143e-13; 1.91105e-13; 1.47662e-13; 1.14008e-13; 8.79584e-14; 6.78097e-14; 5.22374e-14; 4.02113e-14; 3.09308e-14; 2.37746e-14; 1.82605e-14; 1.40151e-14; 1.07488e-14; 8.23766e-15; 6.3086e-15; 4.82777e-15; 3.69187e-15; 2.82119e-15; 2.1543e-15; 1.64388e-15; 1.25349e-15; 9.55137e-16; 7.27279e-16; 5.53387e-16; 4.20776e-16; 3.19719e-16; 2.42762e-16; 1.842e-16; 1.39668e-16; 1.05829e-16; 8.01327e-17; 6.0634e-17; 4.58485e-17; 3.46446e-17; 2.61608e-17; 1.9741e-17; 1.48866e-17; 1.12183e-17; 8.44822e-18; 6.35788e-18; 4.78155e-18; 3.59365e-18; 2.69906e-18; 2.02583e-18; 1.51952e-18; 1.139e-18; 8.53208e-19; 6.38708e-19; 4.77822e-19; 3.5723e-19; 2.66899e-19; 1.99281e-19; 1.48698e-19; 1.10883e-19; 8.26322e-20; 6.15396e-20; 4.58019e-20; 3.40673e-20; 2.53231e-20; 1.88114e-20; 1.39654e-20; 1.03613e-20; 7.68251e-21; 5.69275e-21; 4.21572e-21; 3.11998e-21; 2.30762e-21; 1.70573e-21; 1.26006e-21; 9.30262e-22; 6.86365e-22; 5.06106e-22; 3.72962e-22; 2.74679e-22; 2.02174e-22; 1.48718e-22; 1.09331e-22; 8.03276e-23; 5.89831e-23; 4.32845e-23; 3.17454e-23; 2.32688e-23; 1.70456e-23; 1.24795e-23; 9.13116e-24; 6.67734e-24; 4.88011e-24; 3.56454e-24; 2.60212e-24; 1.89846e-24; 1.38429e-24; 1.0088e-24; 7.34741e-25; 5.34832e-25; 3.89094e-25; 2.82909e-25; 2.05586e-25; 1.49313e-25; 1.08382e-25; 7.8628e-26; 5.70104e-26; 4.13133e-26; 2.99216e-26; 2.16592e-26; 1.56696e-26; 1.13302e-26; 8.18805e-27; 5.91406e-27; 4.26928e-27; 3.08027e-27; 2.22121e-27; 1.60086e-27; 1.15315e-27; 8.30207e-28; 5.97385e-28; 4.29626e-28; 3.08814e-28; 2.21857e-28; 1.59302e-28; 1.14324e-28; 8.2003e-29; 5.87886e-29; 4.2124e-29; 3.01676e-29; 2.15937e-29; 1.54486e-29; 1.10465e-29; 7.89475e-30; 5.63936e-30; 4.02623e-30; 2.87307e-30; 2.04914e-30; 1.46076e-30; 0; 
Max norm of the error for n = 0.5:
21.0342
Two norm of the error for n = 0.5:
152.481
