1 for EXPLICIT UPWIND FTBS 
2 for IMPLICIT UPWIND FTBS 
3 for IMPLICIT FTCS 
1 for dt = 0.002
2 for dt = 0.001
3 for dt = 0.0005
----------- IMPLICIT FTCS -------------------
Delta t: 0.002
n = 0
0; 0; 0; 0; 0; 0; 0; 0; 0; 0; 0; 0; 0; 0; 0; 0; 0; 0; 0; 0; 0; 0; 0; 0; 0; 0; 0; 0; 0; 0; 0; 0; 0; 0; 0; 0; 0; 0; 0; 0; 0; 0; 0; 0; 0; 0; 0; 0; 0; 0; 0; 0; 0; 0; 0; 0; 0; 0; 0; 0; 0; 0; 0; 0; 0; 0; 0; 0; 0; 0; 0; 0; 0; 0; 0; 0; 0; 0; 0; 0; 0; 0; 0; 0; 0; 0; 0; 0; 0; 0; 0; 0; 0; 0; 0; 0; 0; 0; 0; 0; 0; 2.61769; 5.2336; 7.84591; 10.4528; 13.0526; 15.6434; 18.2236; 20.7912; 23.3445; 25.8819; 28.4015; 30.9017; 33.3807; 35.8368; 38.2683; 40.6737; 43.0511; 45.399; 47.7159; 50; 52.2499; 54.4639; 56.6406; 58.7785; 60.8761; 62.932; 64.9448; 66.9131; 68.8355; 70.7107; 72.5374; 74.3145; 76.0406; 77.7146; 79.3353; 80.9017; 82.4126; 83.8671; 85.264; 86.6025; 87.8817; 89.1007; 90.2585; 91.3545; 92.388; 93.358; 94.2641; 95.1057; 95.882; 96.5926; 97.237; 97.8148; 98.3255; 98.7688; 99.1445; 99.4522; 99.6917; 99.863; 99.9657; 100; 99.9657; 99.863; 99.6917; 99.4522; 99.1445; 98.7688; 98.3255; 97.8148; 97.237; 96.5926; 95.882; 95.1057; 94.2641; 93.358; 92.388; 91.3545; 90.2585; 89.1007; 87.8817; 86.6025; 85.264; 83.8671; 82.4126; 80.9017; 79.3353; 77.7146; 76.0406; 74.3145; 72.5374; 70.7107; 68.8355; 66.9131; 64.9448; 62.932; 60.8761; 58.7785; 56.6406; 54.4639; 52.2499; 50; 47.7159; 45.399; 43.0511; 40.6737; 38.2683; 35.8368; 33.3807; 30.9017; 28.4015; 25.8819; 23.3445; 20.7912; 18.2236; 15.6434; 13.0526; 10.4528; 7.84591; 5.2336; 2.61769; 0; 0; 0; 0; 0; 0; 0; 0; 0; 0; 0; 0; 0; 0; 0; 0; 0; 0; 0; 0; 0; 0; 0; 0; 0; 0; 0; 0; 0; 0; 0; 0; 0; 0; 0; 0; 0; 0; 0; 0; 0; 0; 0; 0; 0; 0; 0; 0; 0; 0; 0; 0; 0; 0; 0; 0; 0; 0; 0; 0; 0; 0; 0; 0; 0; 0; 0; 0; 0; 0; 0; 0; 0; 0; 0; 0; 0; 0; 0; 0; 0; 0; 0; 0; 0; 0; 0; 0; 0; 0; 0; 0; 0; 0; 0; 0; 0; 0; 0; 0; 0; 0; 0; 0; 0; 0; 0; 0; 0; 0; 0; 0; 0; 0; 0; 0; 0; 0; 0; 0; 0; 0; 0; 0; 0; 0; 0; 0; 0; 0; 0; 0; 0; 0; 0; 0; 0; 0; 0; 0; 0; 0; 0; 0; 0; 0; 0; 0; 0; 0; 0; 0; 0; 0; 0; 0; 0; 0; 0; 0; 0; 0; 0; 0; 0; 0; 0; 0; 0; 0; 0; 0; 0; 0; 0; 0; 0; 0; 0; 0; 0; 0; 0; 0; 0; 0; 0; 0; 0; 0; 0; 0; 0; 0; 0; 0; 0; 0; 0; 0; 0; 0; 0; 0; 0; 0; 0; 0; 0; 0; 0; 0; 0; 0; 0; 0; 0; 0; 0; 0; 0; 0; 0; 0; 0; 0; 0; 0; 0; 0; 0; 0; 0; 0; 0; 0; 0; 0; 0; 0; 0; 0; 0; 0; 0; 0; 0; 0; 0; 0; 0; 0; 0; 0; 0; 0; 0; 0; 0; 0; 0; 0; 0; 0; 0; 0; 0; 0; 0; 0; 0; 0; 0; 0; 0; 0; 0; 0; 0; 0; 0; 0; 0; 0; 0; 0; 0; 0; 0; 0; 0; 0; 0; 0; 0; 0; 0; 0; 0; 0; 0; 0; 0; 0; 0; 0; 0; 0; 0; 0; 0; 0; 0; 0; 0; 0; 0; 0; 0; 0; 0; 0; 0; 0; 0; 0; 0; 0; 0; 0; 0; 0; 0; 0; 0; 0; 0; 0; 0; 0; 0; 0; 0; 0; 0; 0; 0; 0; 0; 0; 0; 0; 0; 0; 0; 0; 0; 0; 0; 0; 0; 0; 0; 0; 0; 0; 0; 0; 0; 0; 0; 0; 0; 0; 0; 0; 0; 0; 0; 0; 0; 0; 0; 0; 0; 0; 0; 0; 0; 0; 0; 0; 0; 0; 0; 0; 0; 0; 0; 0; 0; 0; 0; 0; 0; 0; 0; 0; 0; 0; 0; 0; 0; 0; 0; 0; 0; 0; 0; 0; 0; 0; 0; 0; 0; 0; 0; 0; 0; 0; 0; 0; 0; 0; 0; 0; 0; 0; 0; 0; 0; 0; 0; 0; 0; 0; 0; 0; 0; 0; 0; 0; 0; 0; 0; 0; 0; 0; 0; 0; 0; 0; 0; 0; 0; 0; 0; 0; 0; 0; 0; 0; 0; 0; 0; 0; 0; 0; 0; 0; 0; 0; 0; 0; 0; 0; 0; 0; 0; 0; 0; 0; 0; 0; 0; 0; 0; 0; 0; 0; 0; 0; 0; 0; 0; 0; 0; 0; 0; 0; 0; 0; 0; 0; 0; 0; 0; 0; 0; 0; 0; 0; 0; 0; 0; 0; 0; 0; 0; 0; 0; 0; 0; 0; 0; 0; 0; 0; 0; 0; 0; 0; 0; 0; 0; 0; 0; 0; 0; 0; 0; 0; 0; 0; 0; 0; 0; 0; 0; 0; 0; 0; 0; 0; 0; 0; 0; 0; 0; 0; 0; 0; 0; 0; 0; 0; 0; 0; 0; 0; 0; 
Max norm of the error for n = 0:
0
Two norm of the error for n = 0:
0
n = 0.1
-2.48481e-08; 2.30985e-08; -4.58385e-08; 6.47987e-08; -1.03847e-07; 1.5708e-07; -2.41694e-07; 3.66969e-07; -5.56573e-07; 8.38931e-07; -1.25916e-06; 1.8801e-06; -2.79333e-06; 4.12854e-06; -6.06981e-06; 8.87552e-06; -1.29063e-05; 1.86611e-05; -2.6825e-05; 3.83309e-05; -5.44373e-05; 7.68272e-05; -0.000107729; 0.000150064; -0.000207618; 0.000285247; -0.000389096; 0.000526847; -0.000707963; 0.000943923; -0.00124842; 0.00163747; -0.00212942; 0.00274477; -0.00350574; 0.00443557; -0.0055574; 0.00689284; -0.00845998; 0.0102711; -0.0123298; 0.0146284; -0.0171449; 0.0198402; -0.0226566; 0.0255165; -0.0283238; 0.0309657; -0.0333184; 0.0352536; -0.0366474; 0.0373912; -0.0374027; 0.0366359; -0.0350894; 0.0328118; -0.0299012; 0.0265004; -0.0227862; 0.0189542; -0.0152004; 0.0117025; -0.00860298; 0.00599696; -0.00392629; 0.00238126; -0.001309; 0.000627097; -0.00023951; 5.1887e-05; 1.65444e-05; -2.61279e-05; 1.53504e-05; -3.86553e-06; -1.89049e-06; 2.59733e-06; -1.15568e-06; -1.55506e-07; 5.41506e-07; -2.84239e-07; -5.10117e-08; 1.55938e-07; -6.69584e-08; -3.80521e-08; 5.44427e-08; -7.9082e-09; -2.63104e-08; 1.69489e-08; 8.38658e-09; -1.42477e-08; 8.77561e-11; 9.7798e-09; -3.39206e-09; -6.26558e-09; 4.41608e-09; 3.98524e-09; -4.61921e-09; -2.65446e-09; 4.6535e-09; 1.99726e-09; -4.80529e-09; -1.86979e-09; 5.20102e-09; 2.31879e-09; -5.92948e-09; -3.57188e-09; 6.89862e-09; 6.35348e-09; -7.9091e-09; -1.16053e-08; 7.13152e-09; 2.19223e-08; -1.39934e-09; -3.69503e-08; -2.36193e-08; 5.61054e-08; 8.42877e-08; -3.03646e-08; -2.27633e-07; -1.42863e-07; 3.24351e-07; 8.39297e-07; 1.78982e-07; -1.82368e-06; -3.80068e-06; -5.92928e-07; 1.01948e-05; 2.44944e-05; 1.60571e-05; -5.07563e-05; -0.000205161; -0.000361506; -0.000198711; 0.00113365; 0.0052504; 0.0150142; 0.0347271; 0.0706977; 0.131062; 0.226346; 0.368518; 0.571709; 0.850074; 1.21931; 1.69277; 2.285; 3.0051; 3.86433; 4.8645; 6.01303; 7.30241; 8.73777; 10.3009; 11.9985; 13.8003; 15.7199; 17.7129; 19.8067; 21.9387; 24.1585; 26.3791; 28.6807; 30.9452; 33.2914; 35.5631; 37.9235; 40.1739; 42.524; 44.7326; 47.052; 49.2053; 51.4759; 53.5663; 55.7716; 57.7951; 59.9202; 61.8748; 63.907; 65.7903; 67.72; 69.5276; 71.349; 73.0743; 74.7846; 76.4192; 78.0177; 79.5528; 81.039; 82.4669; 83.8394; 85.1542; 86.4106; 87.6078; 88.745; 89.8213; 90.8361; 91.7887; 92.6783; 93.5045; 94.2665; 94.9639; 95.5963; 96.1631; 96.664; 97.0987; 97.4668; 97.7682; 98.0025; 98.1697; 98.2695; 98.3021; 98.2672; 98.165; 97.9956; 97.759; 97.4553; 97.0849; 96.648; 96.1448; 95.5757; 94.9411; 94.2415; 93.4772; 92.6489; 91.7571; 90.8024; 89.7855; 88.707; 87.5678; 86.3685; 85.1101; 83.7933; 82.4191; 80.9884; 79.5021; 77.9614; 76.3673; 74.7209; 73.0232; 71.2755; 69.4789; 67.6347; 65.7442; 63.8086; 61.8292; 59.8075; 57.7449; 55.6426; 53.5022; 51.3251; 49.1127; 46.8666; 44.5887; 42.2815; 39.948; 37.5929; 35.2219; 32.843; 30.4662; 28.1033; 25.7684; 23.4769; 21.2452; 19.09; 17.0273; 15.072; 13.237; 11.5326; 9.96593; 8.54128; 7.25958; 6.11882; 5.11432; 4.23914; 3.48461; 2.8408; 2.29705; 1.84237; 1.4659; 1.15717; 0.906365; 0.704493; 0.543463; 0.416138; 0.316327; 0.238738; 0.178917; 0.133163; 0.09844; 0.0722895; 0.052741; 0.0382338; 0.0275439; 0.0197214; 0.0140357; 0.0099305; 0.00698547; 0.00488604; 0.00339865; 0.00235119; 0.0016179; 0.00110749; 0.000754221; 0.000511058; 0.000344586; 0.000231217; 0.000154412; 0.00010264; 6.79147e-05; 4.47367e-05; 2.93393e-05; 1.91584e-05; 1.24573e-05; 8.0664e-06; 5.20185e-06; 3.34112e-06; 2.13752e-06; 1.36222e-06; 8.64822e-07; 5.46993e-07; 3.44699e-07; 2.16435e-07; 1.35417e-07; 8.44307e-08; 5.2461e-08; 3.24867e-08; 2.00508e-08; 1.2335e-08; 7.56396e-09; 4.62367e-09; 2.81756e-09; 1.71171e-09; 1.03676e-09; 6.26089e-10; 3.76987e-10; 2.26344e-10; 1.35513e-10; 8.09062e-11; 4.81715e-11; 2.86038e-11; 1.69395e-11; 1.00055e-11; 5.89453e-12; 3.46382e-12; 2.03034e-12; 1.18716e-12; 6.92449e-13; 4.02923e-13; 2.33897e-13; 1.35461e-13; 7.82706e-14; 4.51228e-14; 2.59549e-14; 1.48964e-14; 8.53089e-15; 4.87497e-15; 2.77988e-15; 1.58187e-15; 8.98284e-16; 5.09062e-16; 2.87907e-16; 1.62506e-16; 9.15445e-17; 5.14698e-17; 2.8883e-17; 1.61774e-17; 9.04409e-18; 5.04684e-18; 2.81115e-18; 1.56302e-18; 8.67512e-19; 4.80643e-19; 2.65838e-19; 1.4678e-19; 8.09057e-20; 4.4521e-20; 2.44587e-20; 1.3415e-20; 7.34593e-21; 4.01614e-21; 2.19223e-21; 1.19477e-21; 6.50148e-22; 3.53246e-22; 1.91641e-22; 1.03812e-22; 5.61527e-23; 3.0329e-23; 1.63576e-23; 8.80966e-24; 4.73791e-24; 2.54452e-24; 1.36468e-24; 7.30866e-25; 3.90979e-25; 2.08708e-25; 1.11581e-25; 5.89723e-26; 3.22692e-26; 1.54554e-26; 1.14009e-26; 0; 0; 0; 0; 0; 0; 0; 0; 0; 0; 0; 0; 0; 0; 0; 0; 0; 0; 0; 0; 0; 0; 0; 0; 0; 0; 0; 0; 0; 0; 0; 0; 0; 0; 0; 0; 0; 0; 0; 0; 0; 0; 0; 0; 0; 0; 0; 0; 0; 0; 0; 0; 0; 0; 0; 0; 0; 0; 0; 0; 0; 0; 0; 0; 0; 0; 0; 0; 0; 0; 0; 0; 0; 0; 0; 0; 0; 0; 0; 0; 0; 0; 0; 0; 0; 0; 0; 0; 0; 0; 0; 0; 0; 0; 0; 0; 0; 0; 0; 0; 0; 0; 0; 0; 0; 0; 0; 0; 0; 0; 0; 0; 0; 0; 0; 0; 0; 0; 0; 0; 0; 0; 0; 0; 0; 0; 0; 0; 0; 0; 0; 0; 0; 0; 0; 0; 0; 0; 0; 0; 0; 0; 0; 0; 0; 0; 0; 0; 0; 0; 0; 0; 0; 0; 0; 0; 0; 0; 0; 0; 0; 0; 0; 0; 0; 0; 0; 0; 0; 0; 0; 0; 0; 0; 0; 0; 0; 0; 0; 0; 0; 0; 0; 0; 0; 0; 0; 0; 0; 0; 0; 0; 0; 0; 0; 0; 0; 0; 0; 0; 0; 0; 0; 0; 0; 0; 0; 0; 0; 0; 0; 0; 0; 0; 0; 0; 0; 0; 0; 0; 0; 0; 0; 0; 0; 0; 0; 0; 0; 0; 0; 0; 0; 0; 0; 0; 0; 0; 0; 0; 0; 0; 0; 0; 0; 0; 0; 0; 0; 0; 0; 0; 0; 0; 0; 0; 0; 0; 0; 0; 0; 0; 0; 0; 0; 0; 0; 0; 0; 0; 0; 0; 0; 0; 0; 0; 0; 0; 0; 0; 0; 0; 0; 0; 0; 0; 0; 0; 0; 0; 0; 0; 0; 0; 0; 0; 0; 0; 0; 0; 0; 0; 0; 0; 0; 0; 0; 0; 0; 0; 0; 0; 0; 0; 0; 0; 0; 0; 0; 0; 0; 0; 0; 0; 0; 0; 0; 0; 0; 0; 0; 0; 0; 0; 0; 0; 0; 0; 0; 0; 0; 0; 0; 0; 0; 0; 0; 0; 0; 0; 0; 0; 0; 0; 0; 0; 0; 0; 0; 0; 0; 0; 0; 0; 0; 0; 0; 0; 0; 0; 0; 0; 0; 0; 0; 0; 0; 0; 0; 0; 0; 0; 0; 0; 0; 0; 0; 0; 0; 0; 0; 0; 0; 0; 0; 0; 0; 0; 0; 0; 
Max norm of the error for n = 0.1:
7.30241
Two norm of the error for n = 0.1:
26.0614
n = 0.2
-0.0507892; 0.00242861; -0.0490279; 0.00449455; -0.0456573; 0.00591202; -0.0409667; 0.00652938; -0.0353538; 0.00635244; -0.0292797; 0.00552922; -0.0232132; 0.00430208; -0.0175716; 0.00294248; -0.0126688; 0.00168745; -0.00868404; 0.000695134; -0.00565659; 2.88678e-05; -0.00350805; -0.00033083; -0.00208352; -0.000455866; -0.00119861; -0.000435459; -0.000679336; -0.000348322; -0.000386663; -0.000248341; -0.000223994; -0.000163265; -0.000132157; -0.000101453; -7.85676e-05; -6.07679e-05; -4.64292e-05; -3.5566e-05; -2.70297e-05; -2.04771e-05; -1.54608e-05; -1.1614e-05; -8.6972e-06; -6.48543e-06; -4.81837e-06; -3.56518e-06; -2.63087e-06; -1.92976e-06; -1.41715e-06; -1.02733e-06; -7.55941e-07; -5.34378e-07; -4.04726e-07; -2.64081e-07; -2.2802e-07; -1.08047e-07; -1.54804e-07; -4.49661e-13; -1.54804e-07; 1.08048e-07; -2.28019e-07; 2.64083e-07; -4.04727e-07; 5.3437e-07; -7.5595e-07; 1.02733e-06; -1.41712e-06; 1.92982e-06; -2.63086e-06; 3.56502e-06; -4.81876e-06; 6.48502e-06; -8.69687e-06; 1.16162e-05; -1.54559e-05; 2.04821e-05; -2.70337e-05; 3.55342e-05; -4.65132e-05; 6.06269e-05; -7.86838e-05; 0.000101673; -0.000130796; 0.000167504; -0.000213532; 0.000270939; -0.000342154; 0.000430008; -0.000537774; 0.000669199; -0.000828522; 0.00102048; -0.00125033; 0.00152374; -0.00184683; 0.00222602; -0.00266788; 0.00317904; -0.00376588; 0.00443431; -0.00518949; 0.00603539; -0.0069745; 0.00800734; -0.00913209; 0.0103442; -0.0116359; 0.0129961; -0.01441; 0.0158591; -0.0173213; 0.0187711; -0.0201799; 0.021517; -0.0227503; 0.0238471; -0.0247757; 0.0255065; -0.0260136; 0.0262757; -0.0262777; 0.0260116; -0.0254773; 0.0246831; -0.0236454; 0.0223885; -0.0209438; 0.0193485; -0.0176438; 0.0158734; -0.0140811; 0.0123094; -0.0105971; 0.00897787; -0.00747931; 0.00612176; -0.00491817; 0.00387417; -0.0029887; 0.00225488; -0.00166122; 0.00119291; -0.000833199; 0.000564619; -0.000370084; 0.00023374; -0.000141562; 8.16858e-05; -4.45091e-05; 2.25986e-05; -1.0462e-05; 4.24015e-06; -1.36087e-06; 2.18196e-07; 1.11754e-07; -1.45638e-07; 8.89108e-08; -5.07249e-10; 7.28375e-08; 7.66246e-08; -8.24033e-08; -5.65281e-07; -1.53961e-06; -2.66376e-06; -2.10073e-06; 5.64291e-06; 3.3683e-05; 0.000109456; 0.000285306; 0.000654233; 0.0013721; 0.00268748; 0.00497998; 0.00880734; 0.0149608; 0.0245274; 0.0389565; 0.0601281; 0.0904166; 0.132748; 0.19064; 0.268231; 0.370275; 0.502118; 0.669643; 0.879183; 1.13741; 1.45119; 1.82744; 2.27293; 2.79414; 3.39704; 4.08697; 4.86844; 5.74505; 6.71935; 7.7928; 8.96574; 10.2374; 11.6058; 13.068; 14.6201; 16.2575; 17.9745; 19.7652; 21.623; 23.541; 25.5121; 27.5291; 29.585; 31.6726; 33.7851; 35.9159; 38.0587; 40.2075; 42.3568; 44.5013; 46.6361; 48.7567; 50.8591; 52.9394; 54.9942; 57.0203; 59.0147; 60.9748; 62.8982; 64.7826; 66.6259; 68.4263; 70.182; 71.8913; 73.5527; 75.1648; 76.7262; 78.2358; 79.6922; 81.0945; 82.4415; 83.7322; 84.9657; 86.1412; 87.2577; 88.3145; 89.3109; 90.2461; 91.1194; 91.9304; 92.6783; 93.3628; 93.9833; 94.5394; 95.0307; 95.4568; 95.8176; 96.1127; 96.3419; 96.5051; 96.6021; 96.633; 96.5976; 96.496; 96.3283; 96.0945; 95.7949; 95.4297; 94.999; 94.5033; 93.9428; 93.3178; 92.629; 91.8766; 91.0613; 90.1836; 89.2441; 88.2434; 87.1822; 86.0613; 84.8814; 83.6433; 82.3479; 80.996; 79.5887; 78.1268; 76.6113; 75.0434; 73.424; 71.7543; 70.0355; 68.2688; 66.4555; 64.597; 62.6949; 60.7507; 58.7665; 56.7443; 54.6866; 52.5964; 50.4768; 48.3319; 46.1659; 43.9839; 41.7916; 39.5953; 37.4019; 35.2189; 33.0542; 30.9162; 28.8134; 26.7542; 24.7472; 22.8005; 20.9218; 19.1181; 17.3957; 15.7598; 14.2147; 12.7636; 11.4087; 10.1507; 8.98958; 7.92407; 6.95202; 6.07041; 5.27549; 4.5629; 3.92782; 3.36507; 2.86929; 2.43497; 2.05665; 1.72895; 1.44667; 1.20485; 0.99881; 0.824202; 0.677016; 0.553597; 0.450644; 0.365203; 0.294654; 0.236692; 0.189308; 0.150759; 0.119549; 0.0944001; 0.0742309; 0.05813; 0.0453354; 0.0352139; 0.0272427; 0.0209925; 0.0161129; 0.0123196; 0.00938327; 0.00711972; 0.00538197; 0.00405328; 0.00304144; 0.00227391; 0.00169399; 0.00125749; 0.000930198; 0.000685708; 0.000503747; 0.000368818; 0.000269126; 0.00019573; 0.000141885; 0.000102519; 7.38381e-05; 5.30126e-05; 3.79415e-05; 2.7071e-05; 1.92558e-05; 1.36552e-05; 9.65462e-06; 6.80584e-06; 4.78359e-06; 3.35247e-06; 2.34276e-06; 1.63251e-06; 1.1344e-06; 7.8608e-07; 5.43214e-07; 3.74367e-07; 2.57304e-07; 1.76383e-07; 1.2058e-07; 8.22374e-08; 5.59109e-08; 3.79638e-08; 2.5638e-08; 1.73848e-08; 1.15843e-08; 7.96623e-09; 5.05546e-09; 3.80847e-09; 1.88864e-09; 2.24186e-09; 0; 0; 0; 0; 0; 0; 0; 0; 0; 0; 0; 0; 0; 0; 0; 0; 0; 0; 0; 0; 0; 0; 0; 0; 0; 0; 0; 0; 0; 0; 0; 0; 0; 0; 0; 0; 0; 0; 0; 0; 0; 0; 0; 0; 0; 0; 0; 0; 0; 0; 0; 0; 0; 0; 0; 0; 0; 0; 0; 0; 0; 0; 0; 0; 0; 0; 0; 0; 0; 0; 0; 0; 0; 0; 0; 0; 0; 0; 0; 0; 0; 0; 0; 0; 0; 0; 0; 0; 0; 0; 0; 0; 0; 0; 0; 0; 0; 0; 0; 0; 0; 0; 0; 0; 0; 0; 0; 0; 0; 0; 0; 0; 0; 0; 0; 0; 0; 0; 0; 0; 0; 0; 0; 0; 0; 0; 0; 0; 0; 0; 0; 0; 0; 0; 0; 0; 0; 0; 0; 0; 0; 0; 0; 0; 0; 0; 0; 0; 0; 0; 0; 0; 0; 0; 0; 0; 0; 0; 0; 0; 0; 0; 0; 0; 0; 0; 0; 0; 0; 0; 0; 0; 0; 0; 0; 0; 0; 0; 0; 0; 0; 0; 0; 0; 0; 0; 0; 0; 0; 0; 0; 0; 0; 0; 0; 0; 0; 0; 0; 0; 0; 0; 0; 0; 0; 0; 0; 0; 0; 0; 0; 0; 0; 0; 0; 0; 0; 0; 0; 0; 0; 0; 0; 0; 0; 0; 0; 0; 0; 0; 0; 0; 0; 0; 0; 0; 0; 0; 0; 0; 0; 0; 0; 0; 0; 0; 0; 0; 0; 0; 0; 0; 0; 0; 0; 0; 0; 0; 0; 0; 0; 0; 0; 0; 0; 0; 0; 0; 0; 0; 0; 0; 0; 0; 0; 0; 0; 0; 0; 0; 0; 0; 0; 0; 0; 0; 0; 0; 0; 0; 0; 0; 0; 0; 0; 0; 0; 0; 0; 0; 0; 0; 0; 0; 0; 0; 0; 0; 0; 0; 0; 0; 0; 0; 0; 0; 0; 0; 0; 0; 0; 0; 0; 0; 0; 0; 0; 0; 0; 0; 0; 0; 0; 0; 0; 0; 0; 0; 0; 0; 0; 0; 0; 0; 0; 0; 0; 0; 0; 0; 0; 0; 0; 0; 0; 0; 0; 0; 0; 0; 0; 0; 0; 0; 0; 0; 0; 0; 0; 0; 0; 0; 0; 0; 0; 0; 0; 0; 0; 0; 0; 0; 0; 0; 0; 0; 0; 0; 0; 0; 0; 0; 0; 0; 0; 0; 0; 0; 0; 0; 
Max norm of the error for n = 0.2:
10.2374
Two norm of the error for n = 0.2:
44.9451
n = 0.3
-2.80635e-07; -8.45154e-08; -6.96818e-07; -6.38982e-07; -2.15785e-06; -2.7273e-06; -6.40036e-06; -8.86419e-06; -1.72896e-05; -2.43395e-05; -4.24344e-05; -5.90761e-05; -9.53219e-05; -0.000129853; -0.000197646; -0.000262408; -0.000381197; -0.000492639; -0.000688418; -0.000865923; -0.0011707; -0.00143373; -0.00188377; -0.0022471; -0.00288011; -0.00334734; -0.00419925; -0.00475525; -0.00585762; -0.00646079; -0.00784013; -0.00841557; -0.0100957; -0.0105303; -0.0125386; -0.0126782; -0.0150557; -0.0147051; -0.0175196; -0.0164435; -0.0198043; -0.0177308; -0.0218024; -0.0184257; -0.0234388; -0.0184234; -0.0246798; -0.0176655; -0.0255351; -0.0161445; -0.0260532; -0.0139032; -0.0263104; -0.0110296; -0.0263962; -0.00764907; -0.0263965; -0.00391516; -0.0263782; 3.12194e-14; -0.0263782; 0.00391516; -0.0263965; 0.00764907; -0.0263962; 0.0110296; -0.0263104; 0.0139032; -0.0260532; 0.0161445; -0.0255351; 0.0176655; -0.0246798; 0.0184234; -0.0234388; 0.0184257; -0.0218024; 0.0177308; -0.0198043; 0.0164435; -0.0175196; 0.0147051; -0.0150557; 0.0126782; -0.0125386; 0.0105303; -0.0100957; 0.00841557; -0.00784013; 0.00646079; -0.00585762; 0.00475525; -0.00419925; 0.00334734; -0.00288011; 0.0022471; -0.00188377; 0.00143373; -0.0011707; 0.000865923; -0.000688418; 0.000492638; -0.000381197; 0.000262408; -0.000197645; 0.000129852; -9.53202e-05; 5.90738e-05; -4.24313e-05; 2.43351e-05; -1.72836e-05; 8.85609e-06; -6.38929e-06; 2.71194e-06; -2.13786e-06; 6.0986e-07; -6.60493e-07; 3.33595e-08; -2.04943e-07; -6.42541e-08; -7.56924e-08; -5.11559e-08; -3.63248e-08; -2.91211e-08; -1.99839e-08; -1.53619e-08; -1.10701e-08; -8.10157e-09; -5.95803e-09; -4.30472e-09; -3.14308e-09; -2.27521e-09; -1.64405e-09; -1.18832e-09; -8.54525e-10; -6.1418e-10; -4.40325e-10; -3.14845e-10; -2.24745e-10; -1.60092e-10; -1.13717e-10; -8.07044e-11; -5.70635e-11; -4.03471e-11; -2.83904e-11; -2.00154e-11; -1.40019e-11; -9.85601e-12; -6.84487e-12; -4.81991e-12; -3.31527e-12; -2.34265e-12; -1.59022e-12; -1.13196e-12; -7.55903e-13; -5.42781e-13; -3.57775e-13; -2.55979e-13; -1.7166e-13; -1.15e-13; -8.786e-14; -4.37753e-14; -5.30095e-14; -5.77981e-15; -4.12e-14; 1.6247e-14; -3.97628e-14; 3.01423e-14; -4.24504e-14; 3.92306e-14; -4.5813e-14; 4.51788e-14; -4.78404e-14; 4.78118e-14; -4.9445e-14; 4.57781e-14; -4.81363e-14; 4.84967e-14; -3.23768e-14; 5.29029e-14; -4.71508e-14; -2.67654e-14; -1.43688e-13; -2.0462e-14; 2.5324e-13; 9.0304e-13; 1.21592e-12; -4.54362e-14; -4.96954e-12; -1.3632e-11; -1.93278e-11; -9.85417e-13; 7.83306e-11; 2.4979e-10; 4.60676e-10; 4.04512e-10; -7.38745e-10; -4.50015e-09; -1.2721e-08; -2.51936e-08; -3.24097e-08; 2.27571e-09; 1.81271e-07; 7.49333e-07; 2.23545e-06; 5.70153e-06; 1.31582e-05; 2.8232e-05; 5.71967e-05; 0.000110515; 0.000205071; 0.000367317; 0.000637573; 0.00107577; 0.00176892; 0.00284057; 0.00446258; 0.00686929; 0.0103743; 0.01539; 0.022449; 0.0322284; 0.045575; 0.0635319; 0.0873646; 0.118587; 0.158981; 0.210623; 0.275888; 0.357467; 0.458359; 0.581871; 0.731592; 0.911371; 1.12528; 1.37755; 1.67256; 2.01471; 2.40841; 2.85796; 3.36751; 3.94094; 4.58185; 5.29342; 6.07838; 6.93896; 7.87683; 8.89305; 9.98808; 11.1617; 12.4132; 13.7412; 15.1435; 16.6176; 18.1604; 19.7684; 21.4375; 23.1635; 24.9416; 26.767; 28.6346; 30.5392; 32.4757; 34.4388; 36.4232; 38.4238; 40.4357; 42.4538; 44.4736; 46.4905; 48.5002; 50.4986; 52.4818; 54.4462; 56.3883; 58.3048; 60.1928; 62.0494; 63.8721; 65.6583; 67.4057; 69.1123; 70.776; 72.3951; 73.9677; 75.4924; 76.9675; 78.3918; 79.7639; 81.0826; 82.3469; 83.5555; 84.7076; 85.8022; 86.8384; 87.8156; 88.7328; 89.5895; 90.385; 91.1186; 91.79; 92.3985; 92.9438; 93.4255; 93.8432; 94.1966; 94.4855; 94.7096; 94.8689; 94.9631; 94.9923; 94.9563; 94.8554; 94.6894; 94.4585; 94.1628; 93.8027; 93.3782; 92.8898; 92.3377; 91.7223; 91.0441; 90.3034; 89.5009; 88.637; 87.7124; 86.7277; 85.6836; 84.5807; 83.4199; 82.2019; 80.9277; 79.5982; 78.2142; 76.7769; 75.2874; 73.7468; 72.1565; 70.5178; 68.8323; 67.1017; 65.3278; 63.5128; 61.6589; 59.7686; 57.8448; 55.8906; 53.9095; 51.9052; 49.8818; 47.8438; 45.7959; 43.7433; 41.6912; 39.6453; 37.6114; 35.5954; 33.6033; 31.6411; 29.7147; 27.8299; 25.9922; 24.2069; 22.4787; 20.8122; 19.2112; 17.6792; 16.2186; 14.832; 13.5206; 12.2855; 11.1267; 10.0445; 9.03706; 8.10413; 7.2425; 6.45158; 5.72647; 5.06714; 4.46653; 3.92629; 3.43632; 3.00156; 2.60733; 2.26431; 1.95058; 1.68633; 1.43797; 1.24103; 1.04326; 0.904404; 0.74262; 0.655559; 0.514989; 0.477085; 0.341973; 0.355149; 0.207591; 0.279489; 0.0978186; 0.243338; 0; 0; 0; 0; 0; 0; 0; 0; 0; 0; 0; 0; 0; 0; 0; 0; 0; 0; 0; 0; 0; 0; 0; 0; 0; 0; 0; 0; 0; 0; 0; 0; 0; 0; 0; 0; 0; 0; 0; 0; 0; 0; 0; 0; 0; 0; 0; 0; 0; 0; 0; 0; 0; 0; 0; 0; 0; 0; 0; 0; 0; 0; 0; 0; 0; 0; 0; 0; 0; 0; 0; 0; 0; 0; 0; 0; 0; 0; 0; 0; 0; 0; 0; 0; 0; 0; 0; 0; 0; 0; 0; 0; 0; 0; 0; 0; 0; 0; 0; 0; 0; 0; 0; 0; 0; 0; 0; 0; 0; 0; 0; 0; 0; 0; 0; 0; 0; 0; 0; 0; 0; 0; 0; 0; 0; 0; 0; 0; 0; 0; 0; 0; 0; 0; 0; 0; 0; 0; 0; 0; 0; 0; 0; 0; 0; 0; 0; 0; 0; 0; 0; 0; 0; 0; 0; 0; 0; 0; 0; 0; 0; 0; 0; 0; 0; 0; 0; 0; 0; 0; 0; 0; 0; 0; 0; 0; 0; 0; 0; 0; 0; 0; 0; 0; 0; 0; 0; 0; 0; 0; 0; 0; 0; 0; 0; 0; 0; 0; 0; 0; 0; 0; 0; 0; 0; 0; 0; 0; 0; 0; 0; 0; 0; 0; 0; 0; 0; 0; 0; 0; 0; 0; 0; 0; 0; 0; 0; 0; 0; 0; 0; 0; 0; 0; 0; 0; 0; 0; 0; 0; 0; 0; 0; 0; 0; 0; 0; 0; 0; 0; 0; 0; 0; 0; 0; 0; 0; 0; 0; 0; 0; 0; 0; 0; 0; 0; 0; 0; 0; 0; 0; 0; 0; 0; 0; 0; 0; 0; 0; 0; 0; 0; 0; 0; 0; 0; 0; 0; 0; 0; 0; 0; 0; 0; 0; 0; 0; 0; 0; 0; 0; 0; 0; 0; 0; 0; 0; 0; 0; 0; 0; 0; 0; 0; 0; 0; 0; 0; 0; 0; 0; 0; 0; 0; 0; 0; 0; 0; 0; 0; 0; 0; 0; 0; 0; 0; 0; 0; 0; 0; 0; 0; 0; 0; 0; 0; 0; 0; 0; 0; 0; 0; 0; 0; 0; 0; 0; 0; 0; 0; 0; 0; 0; 0; 0; 0; 0; 0; 0; 0; 0; 0; 0; 0; 0; 0; 0; 0; 0; 0; 0; 0; 0; 0; 0; 0; 0; 0; 0; 0; 0; 0; 0; 0; 0; 0; 0; 0; 0; 0; 
Max norm of the error for n = 0.3:
12.4132
Two norm of the error for n = 0.3:
61.7261
n = 0.4
-0.0117933; 0.00228316; -0.0120584; 0.00454547; -0.0125705; 0.00676314; -0.0132936; 0.00890702; -0.0141763; 0.0109411; -0.0151537; 0.0128224; -0.0161513; 0.0145022; -0.0170895; 0.0159288; -0.0178886; 0.0170519; -0.0184748; 0.017827; -0.0187856; 0.0182209; -0.0187757; 0.0182161; -0.0184206; 0.0178145; -0.0177192; 0.0170391; -0.0166945; 0.0159334; -0.0153912; 0.014559; -0.0138721; 0.012991; -0.0122118; 0.0113114; -0.0104899; 0.00960276; -0.00878402; 0.0079411; -0.00716301; 0.00639043; -0.00568204; 0.00499863; -0.00437958; 0.00379552; -0.00327652; 0.00279288; -0.00237755; 0.00198629; -0.00167427; 0.00135812; -0.00114941; 0.000880933; -0.000781647; 0.000520872; -0.000550238; 0.000240347; -0.000438948; -6.98576e-08; -0.000438911; -0.000240506; -0.000550116; -0.000521094; -0.000781409; -0.000881276; -0.00114899; -0.00135867; -0.00167358; -0.00198719; -0.00237642; -0.00279431; -0.0032747; -0.00379782; -0.00437667; -0.00500229; -0.00567745; -0.00639618; -0.00715582; -0.00795006; -0.00877289; -0.00961656; -0.0104728; -0.0113325; -0.0121858; -0.0130228; -0.0138331; -0.0146066; -0.0153333; -0.0160037; -0.0166093; -0.017142; -0.0175952; -0.0179634; -0.0182423; -0.018429; -0.0185222; -0.0185219; -0.0184294; -0.0182475; -0.0179801; -0.0176322; -0.01721; -0.01672; -0.0161699; -0.0155675; -0.014921; -0.0142386; -0.0135287; -0.0127994; -0.0120583; -0.0113129; -0.01057; -0.00983585; -0.00911602; -0.00841545; -0.00773837; -0.00708829; -0.00646806; -0.00587984; -0.00532521; -0.00480513; -0.00432006; -0.00386998; -0.00345446; -0.0030727; -0.00272362; -0.00240589; -0.00211799; -0.00185826; -0.00162495; -0.00141625; -0.00123033; -0.00106537; -0.000919579; -0.00079123; -0.000678665; -0.000580311; -0.00049469; -0.000420421; -0.000356229; -0.00030094; -0.000253482; -0.000212886; -0.000178275; -0.000148863; -0.000123951; -0.000102918; -8.52169e-05; -7.03654e-05; -5.79435e-05; -4.75853e-05; -3.89741e-05; -3.18363e-05; -2.59373e-05; -2.10761e-05; -1.70818e-05; -1.38089e-05; -1.11348e-05; -8.95584e-06; -7.18532e-06; -5.75055e-06; -4.59097e-06; -3.6563e-06; -2.90489e-06; -2.30237e-06; -1.8205e-06; -1.43609e-06; -1.13021e-06; -8.87417e-07; -6.95183e-07; -5.43351e-07; -4.2372e-07; -3.29688e-07; -2.55953e-07; -1.98271e-07; -1.53252e-07; -1.18198e-07; -9.09654e-08; -6.98576e-08; -5.35339e-08; -4.09382e-08; -3.12408e-08; -2.3791e-08; -1.80805e-08; -1.37126e-08; -1.03789e-08; -7.83973e-09; -5.91006e-09; -4.44644e-09; -3.33878e-09; -2.50209e-09; -1.8715e-09; -1.39708e-09; -1.04099e-09; -7.74137e-10; -5.74651e-10; -4.25737e-10; -3.14854e-10; -2.32402e-10; -1.71239e-10; -1.2594e-10; -9.2453e-11; -6.77594e-11; -4.95557e-11; -3.6201e-11; -2.63714e-11; -1.92087e-11; -1.39325e-11; -1.01256e-11; -7.30654e-12; -5.30477e-12; -3.80222e-12; -2.76393e-12; -1.96233e-12; -1.43379e-12; -1.00331e-12; -7.40268e-13; -5.04795e-13; -3.7744e-13; -2.50668e-13; -2.07006e-13; -1.69319e-13; -1.93868e-13; -1.66544e-13; 1.31395e-14; 6.52522e-13; 1.98223e-12; 3.78406e-12; 3.98529e-12; -3.64824e-12; -3.27757e-11; -1.05429e-10; -2.41597e-10; -4.1289e-10; -4.06402e-10; 5.13143e-10; 4.35665e-09; 1.59692e-08; 4.60705e-08; 1.16906e-07; 2.72327e-07; 5.95136e-07; 1.23598e-06; 2.46012e-06; 4.721e-06; 8.77346e-06; 1.58434e-05; 2.78773e-05; 4.79003e-05; 8.05223e-05; 0.000132637; 0.000214372; 0.000340358; 0.000531393; 0.00081659; 0.00123611; 0.00184455; 0.00271519; 0.003945; 0.00566075; 0.00802611; 0.0112499; 0.0155952; 0.0213902; 0.0290394; 0.039036; 0.0519751; 0.0685673; 0.0896523; 0.116213; 0.149387; 0.190481; 0.240977; 0.302546; 0.377047; 0.466534; 0.573252; 0.699632; 0.848282; 1.02197; 1.22361; 1.45624; 1.72298; 2.027; 2.37153; 2.75974; 3.19479; 3.6797; 4.21737; 4.81052; 5.46165; 6.17296; 6.9464; 7.78356; 8.68567; 9.65357; 10.6877; 11.7882; 12.9545; 14.186; 15.4813; 16.8389; 18.2568; 19.7327; 21.2637; 22.8471; 24.4793; 26.157; 27.8764; 29.6337; 31.4246; 33.2454; 35.0913; 36.9588; 38.8428; 40.7401; 42.6452; 44.5557; 46.4654; 48.3732; 50.2718; 52.162; 54.0345; 55.8935; 57.7261; 59.5414; 61.3212; 63.082; 64.7972; 66.4942; 68.1335; 69.7592; 71.3119; 72.8606; 74.316; 75.7841; 77.1311; 78.5176; 79.7442; 81.051; 82.1432; 83.376; 84.317; 85.4863; 86.2552; 87.3773; 87.9477; 89.0465; 89.3844; 90.4936; 90.5549; 91.7202; 91.4484; 92.7304; 92.0532; 93.531; 92.3569; 94.1311; 92.3457; 94.5428; 92.0044; 94.7811; 91.3167; 94.8634; 90.2653; 94.8097; 88.8317; 94.6422; 86.9973; 94.3845; 84.7435; 94.061; 82.0529; 93.6961; 78.9103; 93.3132; 75.3032; 92.9335; 71.2239; 92.5753; 66.6699; 92.2529; 61.6455; 91.9763; 56.1626; 91.7507; 50.2413; 91.5767; 43.9105; 91.4507; 37.2082; 91.366; 30.1807; 91.314; 22.8823; 91.2855; 15.3743; 91.2719; 7.72339; 91.2668; 0; 0; 0; 0; 0; 0; 0; 0; 0; 0; 0; 0; 0; 0; 0; 0; 0; 0; 0; 0; 0; 0; 0; 0; 0; 0; 0; 0; 0; 0; 0; 0; 0; 0; 0; 0; 0; 0; 0; 0; 0; 0; 0; 0; 0; 0; 0; 0; 0; 0; 0; 0; 0; 0; 0; 0; 0; 0; 0; 0; 0; 0; 0; 0; 0; 0; 0; 0; 0; 0; 0; 0; 0; 0; 0; 0; 0; 0; 0; 0; 0; 0; 0; 0; 0; 0; 0; 0; 0; 0; 0; 0; 0; 0; 0; 0; 0; 0; 0; 0; 0; 0; 0; 0; 0; 0; 0; 0; 0; 0; 0; 0; 0; 0; 0; 0; 0; 0; 0; 0; 0; 0; 0; 0; 0; 0; 0; 0; 0; 0; 0; 0; 0; 0; 0; 0; 0; 0; 0; 0; 0; 0; 0; 0; 0; 0; 0; 0; 0; 0; 0; 0; 0; 0; 0; 0; 0; 0; 0; 0; 0; 0; 0; 0; 0; 0; 0; 0; 0; 0; 0; 0; 0; 0; 0; 0; 0; 0; 0; 0; 0; 0; 0; 0; 0; 0; 0; 0; 0; 0; 0; 0; 0; 0; 0; 0; 0; 0; 0; 0; 0; 0; 0; 0; 0; 0; 0; 0; 0; 0; 0; 0; 0; 0; 0; 0; 0; 0; 0; 0; 0; 0; 0; 0; 0; 0; 0; 0; 0; 0; 0; 0; 0; 0; 0; 0; 0; 0; 0; 0; 0; 0; 0; 0; 0; 0; 0; 0; 0; 0; 0; 0; 0; 0; 0; 0; 0; 0; 0; 0; 0; 0; 0; 0; 0; 0; 0; 0; 0; 0; 0; 0; 0; 0; 0; 0; 0; 0; 0; 0; 0; 0; 0; 0; 0; 0; 0; 0; 0; 0; 0; 0; 0; 0; 0; 0; 0; 0; 0; 0; 0; 0; 0; 0; 0; 0; 0; 0; 0; 0; 0; 0; 0; 0; 0; 0; 0; 0; 0; 0; 0; 0; 0; 0; 0; 0; 0; 0; 0; 0; 0; 0; 0; 0; 0; 0; 0; 0; 0; 0; 0; 0; 0; 0; 0; 0; 0; 0; 0; 0; 0; 0; 0; 0; 0; 0; 0; 0; 0; 0; 0; 0; 0; 0; 0; 0; 0; 0; 0; 0; 0; 0; 0; 0; 0; 0; 0; 0; 0; 0; 0; 0; 0; 0; 0; 0; 0; 0; 0; 0; 0; 0; 0; 0; 0; 0; 0; 0; 0; 0; 
Max norm of the error for n = 0.4:
47.7159
Two norm of the error for n = 0.4:
193.112
n = 0.5
-0.00597963; -0.00159052; -0.00625997; -0.00318518; -0.00680559; -0.00478483; -0.00758713; -0.00638418; -0.00856257; -0.00796993; -0.00967947; -0.00952013; -0.0108779; -0.0110048; -0.012094; -0.0123879; -0.0132631; -0.01363; -0.0143244; -0.0146921; -0.0152233; -0.0155386; -0.0159153; -0.0161413; -0.0163679; -0.0164816; -0.0165621; -0.0165521; -0.0164928; -0.0163575; -0.016168; -0.015914; -0.015608; -0.015248; -0.0148424; -0.0143936; -0.0139081; -0.0133904; -0.0128464; -0.0122809; -0.0116995; -0.0111073; -0.0105091; -0.00990955; -0.00931303; -0.00872349; -0.00814455; -0.0075794; -0.00703086; -0.0065013; -0.00599274; -0.00550675; -0.00504458; -0.00460708; -0.0041948; -0.00380796; -0.00344654; -0.00311024; -0.00279858; -0.00251088; -0.00224631; -0.00200391; -0.00178265; -0.0015814; -0.001399; -0.00123425; -0.00108594; -0.000952887; -0.000833905; -0.00072785; -0.000633618; -0.000550151; -0.000476448; -0.000411564; -0.000354615; -0.000304778; -0.000261293; -0.000223459; -0.000190638; -0.000162246; -0.000137757; -0.000116697; -9.86427e-05; -8.32177e-05; -7.00913e-05; -5.89756e-05; -4.96242e-05; -4.18313e-05; -3.54308e-05; -3.02975e-05; -2.63479e-05; -2.35434e-05; -2.18936e-05; -2.14615e-05; -2.23695e-05; -2.48074e-05; -2.90405e-05; -3.54197e-05; -4.43922e-05; -5.65123e-05; -7.24531e-05; -9.3017e-05; -0.000119146; -0.000151931; -0.000192616; -0.000242602; -0.000303451; -0.000376871; -0.000464714; -0.000568959; -0.000691682; -0.000835036; -0.00100121; -0.00119237; -0.00141066; -0.00165809; -0.00193649; -0.00224749; -0.00259239; -0.00297216; -0.00338733; -0.00383796; -0.00432359; -0.00484318; -0.00539508; -0.00597704; -0.00658616; -0.00721894; -0.00787125; -0.00853844; -0.00921532; -0.00989629; -0.0105754; -0.0112463; -0.0119027; -0.0125381; -0.0131461; -0.0137204; -0.0142551; -0.0147446; -0.0151838; -0.015568; -0.0158936; -0.0161572; -0.0163564; -0.0164898; -0.0165563; -0.0165561; -0.01649; -0.0163594; -0.0161667; -0.0159149; -0.0156074; -0.0152483; -0.0148422; -0.0143937; -0.0139081; -0.0133905; -0.0128463; -0.0122809; -0.0116995; -0.0111073; -0.0105091; -0.00990955; -0.00931303; -0.00872349; -0.00814455; -0.0075794; -0.00703086; -0.0065013; -0.00599274; -0.00550675; -0.00504458; -0.00460708; -0.0041948; -0.00380796; -0.00344654; -0.00311024; -0.00279858; -0.00251088; -0.00224631; -0.00200391; -0.00178265; -0.0015814; -0.001399; -0.00123425; -0.00108594; -0.000952887; -0.000833905; -0.00072785; -0.000633618; -0.000550151; -0.000476448; -0.000411564; -0.000354614; -0.000304777; -0.00026129; -0.000223454; -0.000190627; -0.000162227; -0.000137725; -0.000116643; -9.85537e-05; -8.30731e-05; -6.98602e-05; -5.86125e-05; -4.90621e-05; -4.09744e-05; -3.41416e-05; -2.8385e-05; -2.35451e-05; -1.94886e-05; -1.60935e-05; -1.32634e-05; -1.09038e-05; -8.94929e-06; -7.32321e-06; -5.98821e-06; -4.87503e-06; -3.97552e-06; -3.21506e-06; -2.62164e-06; -2.09725e-06; -1.7222e-06; -1.34693e-06; -1.13552e-06; -8.40272e-07; -7.66046e-07; -4.88267e-07; -5.52855e-07; -2.24087e-07; -4.62456e-07; 7.70464e-09; -4.85636e-07; 2.61453e-07; -6.38539e-07; 6.01929e-07; -9.68826e-07; 1.11924e-06; -1.56868e-06; 1.95017e-06; -2.59768e-06; 3.31029e-06; -4.32042e-06; 5.5434e-06; -7.1665e-06; 9.19795e-06; -1.18245e-05; 1.51448e-05; -1.93874e-05; 2.47577e-05; -3.15743e-05; 4.0187e-05; -5.10672e-05; 6.47726e-05; -8.20151e-05; 0.000103659; -0.000130782; 0.000164703; -0.000207049; 0.000259806; -0.00032541; 0.000406829; -0.00050768; 0.000632354; -0.000786173; 0.000975573; -0.00120832; 0.00149375; -0.00184308; 0.00226976; -0.00278982; 0.00342242; -0.00419028; 0.0051204; -0.00624468; 0.00760081; -0.00923305; 0.0111935; -0.013543; 0.0163529; -0.0197053; 0.0236978; -0.0284392; 0.0340629; -0.0407084; 0.0485606; -0.0577891; 0.0686581; -0.0813513; 0.0962683; -0.113553; 0.133857; -0.157147; 0.184569; -0.215596; 0.252363; -0.293188; 0.342176; -0.395155; 0.460086; -0.52777; 0.613497; -0.698414; 0.811323; -0.915597; 1.06418; -1.18892; 1.38454; -1.52891; 1.78694; -1.94686; 2.28802; -2.45438; 2.90666; -3.063; 3.66392; -3.78355; 4.58294; -4.62549; 5.68871; -5.59614; 7.00768; -6.69993; 8.56719; -7.93766; 10.3949; -9.30582; 12.5176; -10.7962; 14.9608; -12.3954; 17.7471; -14.0852; 20.8954; -15.8424; 24.4198; -17.6397; 28.3286; -19.4461; 32.6235; -21.2287; 37.299; -22.9531; 42.3423; -24.5852; 47.7332; -26.0922; 53.4447; -27.4444; 59.443; -28.6153; 65.689; -29.5832; 72.1391; -30.3316; 78.7462; -30.8491; 85.4611; -31.1299; 92.2334; -31.1731; 99.0126; -30.9823; 105.749; -30.5652; 112.395; -29.9326; 118.905; -29.0976; 125.236; -28.0751; 131.347; -26.8807; 137.201; -25.5305; 142.766; -24.0404; 148.009; -22.4258; 152.905; -20.7013; 157.427; -18.8806; 161.554; -16.9766; 165.268; -15.001; 168.552; -12.9648; 171.392; -10.878; 173.775; -8.75023; 175.694; -6.59026; 177.139; -4.40653; 178.105; -2.20715; 178.59; 0; 0; 0; 0; 0; 0; 0; 0; 0; 0; 0; 0; 0; 0; 0; 0; 0; 0; 0; 0; 0; 0; 0; 0; 0; 0; 0; 0; 0; 0; 0; 0; 0; 0; 0; 0; 0; 0; 0; 0; 0; 0; 0; 0; 0; 0; 0; 0; 0; 0; 0; 0; 0; 0; 0; 0; 0; 0; 0; 0; 0; 0; 0; 0; 0; 0; 0; 0; 0; 0; 0; 0; 0; 0; 0; 0; 0; 0; 0; 0; 0; 0; 0; 0; 0; 0; 0; 0; 0; 0; 0; 0; 0; 0; 0; 0; 0; 0; 0; 0; 0; 0; 0; 0; 0; 0; 0; 0; 0; 0; 0; 0; 0; 0; 0; 0; 0; 0; 0; 0; 0; 0; 0; 0; 0; 0; 0; 0; 0; 0; 0; 0; 0; 0; 0; 0; 0; 0; 0; 0; 0; 0; 0; 0; 0; 0; 0; 0; 0; 0; 0; 0; 0; 0; 0; 0; 0; 0; 0; 0; 0; 0; 0; 0; 0; 0; 0; 0; 0; 0; 0; 0; 0; 0; 0; 0; 0; 0; 0; 0; 0; 0; 0; 0; 0; 0; 0; 0; 0; 0; 0; 0; 0; 0; 0; 0; 0; 0; 0; 0; 0; 0; 0; 0; 0; 0; 0; 0; 0; 0; 0; 0; 0; 0; 0; 0; 0; 0; 0; 0; 0; 0; 0; 0; 0; 0; 0; 0; 0; 0; 0; 0; 0; 0; 0; 0; 0; 0; 0; 0; 0; 0; 0; 0; 0; 0; 0; 0; 0; 0; 0; 0; 0; 0; 0; 0; 0; 0; 0; 0; 0; 0; 0; 0; 0; 0; 0; 0; 0; 0; 0; 0; 0; 0; 0; 0; 0; 0; 0; 0; 0; 0; 0; 0; 0; 0; 0; 0; 0; 0; 0; 0; 0; 0; 0; 0; 0; 0; 0; 0; 0; 0; 0; 0; 0; 0; 0; 0; 0; 0; 0; 0; 0; 0; 0; 0; 0; 0; 0; 0; 0; 0; 0; 0; 0; 0; 0; 0; 0; 0; 0; 0; 0; 0; 0; 0; 0; 0; 0; 0; 0; 0; 0; 0; 0; 0; 0; 0; 0; 0; 0; 0; 0; 0; 0; 0; 0; 0; 0; 0; 0; 0; 0; 0; 0; 0; 0; 0; 0; 0; 0; 0; 0; 0; 0; 0; 0; 0; 0; 0; 0; 0; 0; 0; 0; 0; 0; 0; 0; 0; 0; 0; 0; 0; 0; 0; 0; 0; 0; 0; 
Max norm of the error for n = 0.5:
100
Two norm of the error for n = 0.5:
852.447
